{
  "provenance": {
    "tags": [
      "nr4a3-abfe",
      "nr4a3-abfe-r2",
      "nr4a3-abfe-r3"
    ],
    "receptors": [
      "nr4a3",
      "nr4a1",
      "nr4a2"
    ],
    "target": "nr4a3",
    "temperature_K": 300.0,
    "n_windows": 12,
    "engine": "research/modalities/nr4a3_abfe.py",
    "diagnostics": "research/modalities/nr4a3_abfe_diagnostics.py",
    "note": "Recomputed from the ABFE per-window reduced potentials (dedup-by-iteration, same MBAR as the \u00a74 reducer). Overlap/ESS via pymbar; \u0394\u0394G offset-invariant."
  },
  "manuscript_s4": {
    "dg_bind": {
      "nr4a3": [
        3.5,
        1.4
      ],
      "nr4a1": [
        8.3,
        1.1
      ],
      "nr4a2": [
        8.5,
        0.7
      ]
    },
    "ddg": {
      "nr4a1": [
        -4.76,
        2.03
      ],
      "nr4a2": [
        -4.98,
        0.68
      ]
    },
    "note": "raw-engine \u0394G_bind (kcal/mol); \u0394\u0394G = \u0394G_bind(NR4A3) \u2212 \u0394G_bind(paralogue); n=3 replicate SD."
  },
  "per_replicate_dg_bind": {
    "r1": {
      "nr4a3": 2.6091831491092066,
      "nr4a1": 9.511523927784902,
      "nr4a2": 8.08489637495761
    },
    "r2": {
      "nr4a3": 5.122714419375043,
      "nr4a1": 7.976696017390468,
      "nr4a2": 9.326068473382362
    },
    "r3": {
      "nr4a3": 2.832952686831419,
      "nr4a1": 7.360106920148036,
      "nr4a2": 8.095050899319423
    }
  },
  "summary": {
    "target": "nr4a3",
    "replicates": [
      "r1",
      "r2",
      "r3"
    ],
    "per_receptor": {
      "nr4a1": {
        "values": {
          "r1": 9.511523927784902,
          "r2": 7.976696017390468,
          "r3": 7.360106920148036
        },
        "mean": 8.28277562177447,
        "sd": 1.1078864239407353,
        "n": 3
      },
      "nr4a2": {
        "values": {
          "r1": 8.08489637495761,
          "r2": 9.326068473382362,
          "r3": 8.095050899319423
        },
        "mean": 8.502005249219799,
        "sd": 0.7136777470638644,
        "n": 3
      },
      "nr4a3": {
        "values": {
          "r1": 2.6091831491092066,
          "r2": 5.122714419375043,
          "r3": 2.832952686831419
        },
        "mean": 3.5216167517718895,
        "sd": 1.3910979503278327,
        "n": 3
      }
    },
    "ddg": {
      "nr4a1": {
        "per_rep": {
          "r1": -6.902340778675695,
          "r2": -2.853981598015425,
          "r3": -4.527154233316617
        },
        "mean": -4.761158870002579,
        "sd": 2.0342988082879985,
        "n": 3,
        "direction_unanimous": true
      },
      "nr4a2": {
        "per_rep": {
          "r1": -5.475713225848404,
          "r2": -4.203354054007319,
          "r3": -5.262098212488004
        },
        "mean": -4.980388497447909,
        "sd": 0.6813550749814753,
        "n": 3,
        "direction_unanimous": true
      }
    }
  },
  "manuscript_consistency": {
    "rows": [
      {
        "quantity": "dg_bind[nr4a3].mean",
        "recomputed": 3.5216167517718895,
        "expected": 3.5,
        "delta": 0.022,
        "tol": 0.6,
        "within_tol": true
      },
      {
        "quantity": "dg_bind[nr4a3].sd",
        "recomputed": 1.3910979503278327,
        "expected": 1.4,
        "delta": -0.009,
        "tol": 0.5,
        "within_tol": true
      },
      {
        "quantity": "dg_bind[nr4a1].mean",
        "recomputed": 8.28277562177447,
        "expected": 8.3,
        "delta": -0.017,
        "tol": 0.6,
        "within_tol": true
      },
      {
        "quantity": "dg_bind[nr4a1].sd",
        "recomputed": 1.1078864239407353,
        "expected": 1.1,
        "delta": 0.008,
        "tol": 0.5,
        "within_tol": true
      },
      {
        "quantity": "dg_bind[nr4a2].mean",
        "recomputed": 8.502005249219799,
        "expected": 8.5,
        "delta": 0.002,
        "tol": 0.6,
        "within_tol": true
      },
      {
        "quantity": "dg_bind[nr4a2].sd",
        "recomputed": 0.7136777470638644,
        "expected": 0.7,
        "delta": 0.014,
        "tol": 0.5,
        "within_tol": true
      },
      {
        "quantity": "ddg[nr4a3-nr4a1].mean",
        "recomputed": -4.761158870002579,
        "expected": -4.76,
        "delta": -0.001,
        "tol": 0.6,
        "within_tol": true
      },
      {
        "quantity": "ddg[nr4a3-nr4a1].sd",
        "recomputed": 2.0342988082879985,
        "expected": 2.03,
        "delta": 0.004,
        "tol": 0.5,
        "within_tol": true
      },
      {
        "quantity": "ddg[nr4a3-nr4a2].mean",
        "recomputed": -4.980388497447909,
        "expected": -4.98,
        "delta": -0.0,
        "tol": 0.6,
        "within_tol": true
      },
      {
        "quantity": "ddg[nr4a3-nr4a2].sd",
        "recomputed": 0.6813550749814753,
        "expected": 0.68,
        "delta": 0.001,
        "tol": 0.5,
        "within_tol": true
      }
    ],
    "consistent": true
  },
  "replicates": {
    "nr4a3-abfe": {
      "tag": "nr4a3-abfe",
      "legs": {
        "solvent": {
          "dir": "/home/runner/work/_temp/abfe-diag/nr4a3-abfe/solvent/shared/solvent",
          "n_windows": 12,
          "n_samples_per_window": [
            2000,
            2000,
            2000,
            2000,
            2000,
            2000,
            2000,
            2000,
            2000,
            2000,
            2000,
            2000
          ],
          "overlap_matrix": [
            [
              0.7649268867525584,
              0.21825516985019644,
              0.016201887910624702,
              0.0005699085115534596,
              1.7868602376911758e-05,
              1.844639848946596e-05,
              8.521694179501518e-06,
              1.2452560580133785e-06,
              6.443186533792459e-08,
              5.920588995484129e-10,
              1.4171108814845623e-14,
              2.3418966233224782e-17
            ],
            [
              0.21825516985019644,
              0.5209228400605748,
              0.22098216411602628,
              0.03335130370317445,
              0.0031280089529610484,
              0.0024333887446355176,
              0.0008235492057016226,
              9.863755458167899e-05,
              4.889120253264297e-06,
              4.869053052052254e-08,
              1.3823919174854816e-12,
              2.7685650821188023e-15
            ],
            [
              0.016201887910624702,
              0.22098216411602628,
              0.4326383233369886,
              0.22446122311000058,
              0.05820962946495048,
              0.03658196996849257,
              0.00989617985722785,
              0.0009855777155151765,
              4.260608966549504e-05,
              4.3841060769617553e-07,
              1.9717637334549616e-11,
              7.11158955233276e-14
            ],
            [
              0.0005699085115534596,
              0.03335130370317445,
              0.22446122311000058,
              0.3442314454849532,
              0.23699931462334659,
              0.1279164829688033,
              0.029659446351707603,
              0.0026944300339522133,
              0.0001149666283926248,
              1.4784705105818988e-06,
              1.131523699514429e-10,
              5.462703009267438e-13
            ],
            [
              1.7868602376911758e-05,
              0.0031280089529610484,
              0.05820962946495048,
              0.23699931462334659,
              0.4381459143662829,
              0.21449164960317327,
              0.04500697726554034,
              0.0038391390937801083,
              0.00015937061327878495,
              2.127230722792853e-06,
              1.8224472889910686e-10,
              9.372949111745147e-13
            ],
            [
              1.844639848946596e-05,
              0.0024333887446355176,
              0.03658196996849257,
              0.1279164829688033,
              0.21449164960317327,
              0.36947116941367797,
              0.2140138517037383,
              0.03337859815204648,
              0.0016773171795274322,
              1.7125010736293683e-05,
              8.538877731692226e-10,
              3.514884060011286e-12
            ],
            [
              8.521694179501518e-06,
              0.0008235492057016226,
              0.00989617985722785,
              0.029659446351707603,
              0.04500697726554034,
              0.2140138517037383,
              0.45170825462818165,
              0.2271348334798667,
              0.021524033554792064,
              0.00022434640530260387,
              5.839941946121387e-09,
              1.3497092219846403e-11
            ],
            [
              1.2452560580133785e-06,
              9.863755458167899e-05,
              0.0009855777155151765,
              0.0026944300339522133,
              0.0038391390937801083,
              0.03337859815204648,
              0.2271348334798667,
              0.523324817651157,
              0.203752058518815,
              0.004790532305245214,
              1.3004535626867125e-07,
              1.937610574198826e-10
            ],
            [
              6.443186533792459e-08,
              4.889120253264297e-06,
              4.260608966549504e-05,
              0.0001149666283926248,
              0.00015937061327878495,
              0.0016773171795274322,
              0.021524033554792064,
              0.203752058518815,
              0.6503143564677494,
              0.1224001604224783,
              1.0160340337985087e-05,
              1.6632482556320567e-08
            ],
            [
              5.920588995484129e-10,
              4.869053052052254e-08,
              4.3841060769617553e-07,
              1.4784705105818988e-06,
              2.127230722792853e-06,
              1.7125010736293683e-05,
              0.00022434640530260387,
              0.004790532305245214,
              0.1224001604224783,
              0.8518889420747392,
              0.020376378870911382,
              0.0002984215163825715
            ],
            [
              1.4171108814845623e-14,
              1.3823919174854816e-12,
              1.9717637334549616e-11,
              1.131523699514429e-10,
              1.8224472889910686e-10,
              8.538877731692226e-10,
              5.839941946121387e-09,
              1.3004535626867125e-07,
              1.0160340337985087e-05,
              0.020376378870911382,
              0.6284406757205283,
              0.3511726480124537
            ],
            [
              2.3418966233224782e-17,
              2.7685650821188023e-15,
              7.11158955233276e-14,
              5.462703009267438e-13,
              9.372949111745147e-13,
              3.514884060011286e-12,
              1.3497092219846403e-11,
              1.937610574198826e-10,
              1.6632482556320567e-08,
              0.0002984215163825715,
              0.3511726480124537,
              0.648528913626431
            ]
          ],
          "adjacent_overlaps": [
            0.21825516985019644,
            0.22098216411602628,
            0.22446122311000058,
            0.23699931462334659,
            0.21449164960317327,
            0.2140138517037383,
            0.2271348334798667,
            0.203752058518815,
            0.1224001604224783,
            0.020376378870911382,
            0.3511726480124537
          ],
          "min_adjacent_overlap": 0.020376378870911382,
          "ess": [
            {
              "window": 0,
              "n_samples": 2000,
              "ess_mbar": 2614.62897256868,
              "g": 2.9047524633379855,
              "ess_autocorr": 688.5268281007695
            },
            {
              "window": 1,
              "n_samples": 2000,
              "ess_mbar": 3839.340198190259,
              "g": 2.583353935205087,
              "ess_autocorr": 774.1873743061941
            },
            {
              "window": 2,
              "n_samples": 2000,
              "ess_mbar": 4622.798980390301,
              "g": 2.7467438578522057,
              "ess_autocorr": 728.1348766039961
            },
            {
              "window": 3,
              "n_samples": 2000,
              "ess_mbar": 5810.044451872781,
              "g": 3.165093776945048,
              "ess_autocorr": 631.8928098018006
            },
            {
              "window": 4,
              "n_samples": 2000,
              "ess_mbar": 4564.689374983037,
              "g": 3.1986888737165606,
              "ess_autocorr": 625.2561843178569
            },
            {
              "window": 5,
              "n_samples": 2000,
              "ess_mbar": 5413.142257280435,
              "g": 3.106260819526206,
              "ess_autocorr": 643.8609364119841
            },
            {
              "window": 6,
              "n_samples": 2000,
              "ess_mbar": 4427.636598419652,
              "g": 3.1105313536270973,
              "ess_autocorr": 642.9769620125707
            },
            {
              "window": 7,
              "n_samples": 2000,
              "ess_mbar": 3821.7182379704736,
              "g": 2.782801796637732,
              "ess_autocorr": 718.7001253256565
            },
            {
              "window": 8,
              "n_samples": 2000,
              "ess_mbar": 3075.435718293549,
              "g": 3.3761316830249077,
              "ess_autocorr": 592.3939549087917
            },
            {
              "window": 9,
              "n_samples": 2000,
              "ess_mbar": 2347.7238654243897,
              "g": 3.1017851140783215,
              "ess_autocorr": 644.7899923571234
            },
            {
              "window": 10,
              "n_samples": 2000,
              "ess_mbar": 3182.480188296108,
              "g": 2.725017581537706,
              "ess_autocorr": 733.9402187898604
            },
            {
              "window": 11,
              "n_samples": 2000,
              "ess_mbar": 3083.9025955164293,
              "g": 3.4824759033347963,
              "ess_autocorr": 574.3040456029611
            }
          ],
          "convergence": {
            "forward": [
              {
                "fraction": 0.1,
                "n": 200,
                "dg": 24.431775426984263,
                "se": 0.3219960034409244
              },
              {
                "fraction": 0.2,
                "n": 400,
                "dg": 23.936144842987176,
                "se": 0.24134228468115235
              },
              {
                "fraction": 0.3,
                "n": 600,
                "dg": 23.730608145396175,
                "se": 0.2030657537982445
              },
              {
                "fraction": 0.4,
                "n": 800,
                "dg": 23.669732771898165,
                "se": 0.17920002988732292
              },
              {
                "fraction": 0.5,
                "n": 1000,
                "dg": 23.767801778940335,
                "se": 0.15896056373945852
              },
              {
                "fraction": 0.6,
                "n": 1200,
                "dg": 23.69301364594841,
                "se": 0.14733954692064932
              },
              {
                "fraction": 0.7,
                "n": 1400,
                "dg": 23.578033044284517,
                "se": 0.13785877506103278
              },
              {
                "fraction": 0.8,
                "n": 1600,
                "dg": 23.382985795206654,
                "se": 0.12994293781937788
              },
              {
                "fraction": 0.9,
                "n": 1800,
                "dg": 23.239334367119767,
                "se": 0.12297379283251864
              },
              {
                "fraction": 1.0,
                "n": 2000,
                "dg": 23.13314202175347,
                "se": 0.11645800676886682
              }
            ],
            "reverse": [
              {
                "fraction": 0.1,
                "n": 200,
                "dg": 22.201683674627404,
                "se": 0.3743307366225219
              },
              {
                "fraction": 0.2,
                "n": 400,
                "dg": 22.166934311851136,
                "se": 0.26490913736931043
              },
              {
                "fraction": 0.3,
                "n": 600,
                "dg": 22.193450243768545,
                "se": 0.2103467857580956
              },
              {
                "fraction": 0.4,
                "n": 800,
                "dg": 22.304394255045793,
                "se": 0.18735998402561663
              },
              {
                "fraction": 0.5,
                "n": 1000,
                "dg": 22.464040030154106,
                "se": 0.1693710164408129
              },
              {
                "fraction": 0.6,
                "n": 1200,
                "dg": 22.76990180426558,
                "se": 0.15202703401299383
              },
              {
                "fraction": 0.7,
                "n": 1400,
                "dg": 22.857962665709174,
                "se": 0.14149257401746487
              },
              {
                "fraction": 0.8,
                "n": 1600,
                "dg": 22.906420144741336,
                "se": 0.13246863583259447
              },
              {
                "fraction": 0.9,
                "n": 1800,
                "dg": 22.944931220821662,
                "se": 0.12513551267070733
              },
              {
                "fraction": 1.0,
                "n": 2000,
                "dg": 23.13314202175347,
                "se": 0.11645800676886682
              }
            ],
            "n_min": 2000,
            "n_windows": 12
          }
        },
        "complex-nr4a3": {
          "dir": "/home/runner/work/_temp/abfe-diag/nr4a3-abfe/complex-nr4a3/nr4a3/complex",
          "n_windows": 12,
          "n_samples_per_window": [
            2000,
            2000,
            2000,
            2000,
            2000,
            2000,
            2000,
            2000,
            2000,
            2000,
            2000,
            2000
          ],
          "overlap_matrix": [
            [
              0.7190370377427149,
              0.25738411196848293,
              0.023230667087216474,
              0.000333399782227716,
              8.431300394707596e-06,
              6.225705010605058e-06,
              1.2625501193827875e-07,
              1.64958338233539e-10,
              6.905383614463046e-14,
              5.741175107256558e-18,
              1.810150134337994e-23,
              3.294396276143452e-27
            ],
            [
              0.25738411196848293,
              0.5237168024753992,
              0.19874905641659474,
              0.017205338906990164,
              0.002035184722946697,
              0.0008961276109425115,
              1.3360531251520249e-05,
              1.735229952735589e-08,
              9.154520424963024e-12,
              1.1873361311785047e-15,
              5.359511847633226e-21,
              1.0830116875848643e-24
            ],
            [
              0.023230667087216474,
              0.19874905641659474,
              0.44469455382123185,
              0.23232237709517456,
              0.07922614585671026,
              0.021557845483333823,
              0.00021907793038189368,
              2.7610488247618463e-07,
              1.9305321978706775e-10,
              3.5941187973036106e-14,
              2.1411880056906575e-19,
              5.1413430629596863e-23
            ],
            [
              0.000333399782227716,
              0.017205338906990164,
              0.23232237709517456,
              0.38779118452544975,
              0.29970609015666044,
              0.062139458434285,
              0.0005015276449613861,
              6.229479116436096e-07,
              5.181747882796256e-10,
              1.2785194170760569e-13,
              1.1658391650185822e-18,
              4.098758502390632e-22
            ],
            [
              8.431300394707596e-06,
              0.002035184722946697,
              0.07922614585671026,
              0.29970609015666044,
              0.5132798028557259,
              0.1048769490397947,
              0.0008661876423325792,
              1.2071124829772808e-06,
              1.3159416672594775e-09,
              5.350783378403226e-13,
              8.700744514550511e-18,
              4.081346566104377e-21
            ],
            [
              6.225705010605058e-06,
              0.0008961276109425115,
              0.021557845483333823,
              0.062139458434285,
              0.1048769490397947,
              0.7073498917289877,
              0.10255980875720246,
              0.0006127917570405065,
              9.012451979887702e-07,
              2.371600713655935e-10,
              1.8427288196425853e-15,
              5.146229285260558e-19
            ],
            [
              1.2625501193827875e-07,
              1.3360531251520249e-05,
              0.00021907793038189368,
              0.0005015276449613861,
              0.0008661876423325792,
              0.10255980875720246,
              0.7797476781834757,
              0.1153076945558943,
              0.0007842811471701418,
              2.5734025676753793e-07,
              1.3031564626606664e-12,
              2.61349162401273e-16
            ],
            [
              1.64958338233539e-10,
              1.735229952735589e-08,
              2.7610488247618463e-07,
              6.229479116436096e-07,
              1.2071124829772808e-06,
              0.0006127917570405065,
              0.1153076945558943,
              0.7494863325665436,
              0.1343256866203482,
              0.00026536858002246206,
              2.239606084140481e-09,
              3.8580268065067813e-13
            ],
            [
              6.905383614463046e-14,
              9.154520424963024e-12,
              1.9305321978706775e-10,
              5.181747882796256e-10,
              1.3159416672594775e-09,
              9.012451979887702e-07,
              0.0007842811471701418,
              0.1343256866203482,
              0.7993757868448641,
              0.06550887920805713,
              4.461844755039972e-06,
              1.0567828748752577e-09
            ],
            [
              5.741175107256558e-18,
              1.1873361311785047e-15,
              3.5941187973036106e-14,
              1.2785194170760569e-13,
              5.350783378403226e-13,
              2.371600713655935e-10,
              2.5734025676753793e-07,
              0.00026536858002246206,
              0.06550887920805713,
              0.9076464125779736,
              0.026509104302253277,
              6.997775569947405e-05
            ],
            [
              1.810150134337994e-23,
              5.359511847633226e-21,
              2.1411880056906575e-19,
              1.1658391650185822e-18,
              8.700744514550511e-18,
              1.8427288196425853e-15,
              1.3031564626606664e-12,
              2.239606084140481e-09,
              4.461844755039972e-06,
              0.026509104302253277,
              0.7167340104609881,
              0.25675242116961783
            ],
            [
              3.294396276143452e-27,
              1.0830116875848643e-24,
              5.1413430629596863e-23,
              4.098758502390632e-22,
              4.081346566104377e-21,
              5.146229285260558e-19,
              2.61349162401273e-16,
              3.8580268065067813e-13,
              1.0567828748752577e-09,
              6.997775569947405e-05,
              0.25675242116961783,
              0.7431775999981393
            ]
          ],
          "adjacent_overlaps": [
            0.25738411196848293,
            0.19874905641659474,
            0.23232237709517456,
            0.29970609015666044,
            0.1048769490397947,
            0.10255980875720246,
            0.1153076945558943,
            0.1343256866203482,
            0.06550887920805713,
            0.026509104302253277,
            0.25675242116961783
          ],
          "min_adjacent_overlap": 0.026509104302253277,
          "ess": [
            {
              "window": 0,
              "n_samples": 2000,
              "ess_mbar": 2781.4978853921557,
              "g": 3.367354662344626,
              "ess_autocorr": 593.9380316439366
            },
            {
              "window": 1,
              "n_samples": 2000,
              "ess_mbar": 3818.8578074004913,
              "g": 3.4552215125905015,
              "ess_autocorr": 578.834090003257
            },
            {
              "window": 2,
              "n_samples": 2000,
              "ess_mbar": 4497.469066832791,
              "g": 3.3827929143740745,
              "ess_autocorr": 591.2274415326025
            },
            {
              "window": 3,
              "n_samples": 2000,
              "ess_mbar": 5157.414814489537,
              "g": 3.3287337617720802,
              "ess_autocorr": 600.829066886768
            },
            {
              "window": 4,
              "n_samples": 2000,
              "ess_mbar": 3896.510224779224,
              "g": 3.48924761482044,
              "ess_autocorr": 573.1894725685503
            },
            {
              "window": 5,
              "n_samples": 2000,
              "ess_mbar": 2827.4550167970847,
              "g": 3.260052701251421,
              "ess_autocorr": 613.4870148670509
            },
            {
              "window": 6,
              "n_samples": 2000,
              "ess_mbar": 2564.932292788946,
              "g": 3.459014249782729,
              "ess_autocorr": 578.1994104608347
            },
            {
              "window": 7,
              "n_samples": 2000,
              "ess_mbar": 2668.4942914852004,
              "g": 3.3738218544483,
              "ess_autocorr": 592.7995271484325
            },
            {
              "window": 8,
              "n_samples": 2000,
              "ess_mbar": 2501.9521893376323,
              "g": 3.3625551978054644,
              "ess_autocorr": 594.7857752060928
            },
            {
              "window": 9,
              "n_samples": 2000,
              "ess_mbar": 2203.5012448508805,
              "g": 3.3978719923554173,
              "ess_autocorr": 588.603692104832
            },
            {
              "window": 10,
              "n_samples": 2000,
              "ess_mbar": 2790.4354625415954,
              "g": 3.4261750378734113,
              "ess_autocorr": 583.7413377576231
            },
            {
              "window": 11,
              "n_samples": 2000,
              "ess_mbar": 2691.1467729988203,
              "g": 3.396832505150156,
              "ess_autocorr": 588.7838146177863
            }
          ],
          "convergence": {
            "forward": [
              {
                "fraction": 0.1,
                "n": 200,
                "dg": 36.655984848443474,
                "se": 0.3298206983754353
              },
              {
                "fraction": 0.2,
                "n": 400,
                "dg": 35.18243475595352,
                "se": 0.2430265195312351
              },
              {
                "fraction": 0.3,
                "n": 600,
                "dg": 32.651838328418584,
                "se": 0.20955700822320822
              },
              {
                "fraction": 0.4,
                "n": 800,
                "dg": 31.343739677981926,
                "se": 0.18658946263630258
              },
              {
                "fraction": 0.5,
                "n": 1000,
                "dg": 30.548189974528718,
                "se": 0.17175487346574245
              },
              {
                "fraction": 0.6,
                "n": 1200,
                "dg": 30.110054916895038,
                "se": 0.1589899136568175
              },
              {
                "fraction": 0.7,
                "n": 1400,
                "dg": 29.68023441555293,
                "se": 0.1500879373289869
              },
              {
                "fraction": 0.8,
                "n": 1600,
                "dg": 29.496659008771065,
                "se": 0.14211024623017937
              },
              {
                "fraction": 0.9,
                "n": 1800,
                "dg": 29.37427311911461,
                "se": 0.13582719699749832
              },
              {
                "fraction": 1.0,
                "n": 2000,
                "dg": 29.31082752788942,
                "se": 0.12933246297346757
              }
            ],
            "reverse": [
              {
                "fraction": 0.1,
                "n": 200,
                "dg": 29.34702384583243,
                "se": 0.3904518133515322
              },
              {
                "fraction": 0.2,
                "n": 400,
                "dg": 28.905453739591724,
                "se": 0.29219169202488093
              },
              {
                "fraction": 0.3,
                "n": 600,
                "dg": 28.583193477412035,
                "se": 0.25266755496367355
              },
              {
                "fraction": 0.4,
                "n": 800,
                "dg": 28.055871273280527,
                "se": 0.2190828242975713
              },
              {
                "fraction": 0.5,
                "n": 1000,
                "dg": 27.718912660167014,
                "se": 0.20051398409873425
              },
              {
                "fraction": 0.6,
                "n": 1200,
                "dg": 27.601539593700238,
                "se": 0.1837411836212123
              },
              {
                "fraction": 0.7,
                "n": 1400,
                "dg": 27.406505784730104,
                "se": 0.1712901868132463
              },
              {
                "fraction": 0.8,
                "n": 1600,
                "dg": 27.21257645023055,
                "se": 0.1620618857891855
              },
              {
                "fraction": 0.9,
                "n": 1800,
                "dg": 27.698223390051698,
                "se": 0.1539838415537931
              },
              {
                "fraction": 1.0,
                "n": 2000,
                "dg": 29.31082752788942,
                "se": 0.12933246297346757
              }
            ],
            "n_min": 2000,
            "n_windows": 12
          }
        },
        "complex-nr4a1": {
          "dir": "/home/runner/work/_temp/abfe-diag/nr4a3-abfe/complex-nr4a1/nr4a1/complex",
          "n_windows": 12,
          "n_samples_per_window": [
            2000,
            2000,
            2000,
            2000,
            2000,
            2000,
            2000,
            2000,
            2000,
            2000,
            2000,
            2000
          ],
          "overlap_matrix": [
            [
              0.7651334676478443,
              0.20944535086405006,
              0.02328521567535718,
              0.0019005495281025858,
              0.0001241984314822813,
              9.942359128170953e-05,
              1.1677587128716778e-05,
              1.1642469388944953e-07,
              2.474352941308216e-10,
              1.5517793229760673e-14,
              1.4742271646706095e-22,
              4.0786006290458116e-26
            ],
            [
              0.20944535086405006,
              0.4776677777992193,
              0.23960455261611324,
              0.058851286601024934,
              0.008835921145229813,
              0.005123973161489438,
              0.0004668068638193135,
              4.321644643019676e-06,
              9.310318530126609e-09,
              5.75168199287013e-13,
              5.030505802946731e-21,
              1.288654878284349e-24
            ],
            [
              0.02328521567535718,
              0.23960455261611324,
              0.38210638330462593,
              0.23838114867099022,
              0.07929872491807359,
              0.034925614896355,
              0.002378958336548561,
              1.9358883596743055e-05,
              4.269574594422126e-08,
              3.0541792956483492e-12,
              3.290230193354083e-20,
              9.614437388133084e-24
            ],
            [
              0.0019005495281025858,
              0.058851286601024934,
              0.23838114867099022,
              0.3443887275106914,
              0.2602188175969931,
              0.09125999800184625,
              0.004963645986377983,
              3.574819107729533e-05,
              7.79109867690127e-08,
              6.054745518246062e-12,
              7.414111132474043e-20,
              2.3690709215747785e-23
            ],
            [
              0.0001241984314822813,
              0.008835921145229813,
              0.07929872491807359,
              0.2602188175969931,
              0.5015018972887718,
              0.1433794931217407,
              0.006597636545832376,
              4.3221558180454404e-05,
              8.937923722905015e-08,
              6.787847090672372e-12,
              8.407746759497022e-20,
              2.757351523771196e-23
            ],
            [
              9.942359128170953e-05,
              0.005123973161489438,
              0.034925614896355,
              0.09125999800184625,
              0.1433794931217407,
              0.5395063799105205,
              0.18197852957796573,
              0.00371467906928527,
              1.1907819049926389e-05,
              8.571594251848128e-10,
              7.618491739102554e-18,
              1.8704085581489304e-21
            ],
            [
              1.1677587128716778e-05,
              0.0004668068638193135,
              0.002378958336548561,
              0.004963645986377983,
              0.006597636545832376,
              0.18197852957796573,
              0.6620540168552266,
              0.13967826161582367,
              0.0018702468466527949,
              2.1978323504869667e-07,
              1.806109738624692e-15,
              3.755911272549587e-19
            ],
            [
              1.1642469388944953e-07,
              4.321644643019676e-06,
              1.9358883596743055e-05,
              3.574819107729533e-05,
              4.3221558180454404e-05,
              0.00371467906928527,
              0.13967826161582367,
              0.7134838998108973,
              0.14295114812127718,
              6.92446789675646e-05,
              7.785289156379734e-13,
              1.5569536394019547e-16
            ],
            [
              2.474352941308216e-10,
              9.310318530126609e-09,
              4.269574594422126e-08,
              7.79109867690127e-08,
              8.937923722905015e-08,
              1.1907819049926389e-05,
              0.0018702468466527949,
              0.14295114812127718,
              0.8319869190224718,
              0.023179554162637884,
              4.484293682363752e-09,
              2.6643623255552146e-12
            ],
            [
              1.5517793229760673e-14,
              5.75168199287013e-13,
              3.0541792956483492e-12,
              6.054745518246062e-12,
              6.787847090672372e-12,
              8.571594251848128e-10,
              2.1978323504869667e-07,
              6.92446789675646e-05,
              0.023179554162637884,
              0.9617846495249922,
              0.014620193267813076,
              0.0003461377086220316
            ],
            [
              1.4742271646706095e-22,
              5.030505802946731e-21,
              3.290230193354083e-20,
              7.414111132474043e-20,
              8.407746759497022e-20,
              7.618491739102554e-18,
              1.806109738624692e-15,
              7.785289156379734e-13,
              4.484293682363752e-09,
              0.014620193267813076,
              0.6449478947972357,
              0.34043190743884194
            ],
            [
              4.0786006290458116e-26,
              1.288654878284349e-24,
              9.614437388133084e-24,
              2.3690709215747785e-23,
              2.757351523771196e-23,
              1.8704085581489304e-21,
              3.755911272549587e-19,
              1.5569536394019547e-16,
              2.6643623255552146e-12,
              0.0003461377086220316,
              0.34043190743884194,
              0.6592219548610389
            ]
          ],
          "adjacent_overlaps": [
            0.20944535086405006,
            0.23960455261611324,
            0.23838114867099022,
            0.2602188175969931,
            0.1433794931217407,
            0.18197852957796573,
            0.13967826161582367,
            0.14295114812127718,
            0.023179554162637884,
            0.014620193267813076,
            0.34043190743884194
          ],
          "min_adjacent_overlap": 0.014620193267813076,
          "ess": [
            {
              "window": 0,
              "n_samples": 2000,
              "ess_mbar": 2613.923040313938,
              "g": 3.1993902633857827,
              "ess_autocorr": 625.1191118783622
            },
            {
              "window": 1,
              "n_samples": 2000,
              "ess_mbar": 4187.010497577819,
              "g": 3.276019850216963,
              "ess_autocorr": 610.4969113259631
            },
            {
              "window": 2,
              "n_samples": 2000,
              "ess_mbar": 5234.144435649336,
              "g": 3.249592222124772,
              "ess_autocorr": 615.4618374524185
            },
            {
              "window": 3,
              "n_samples": 2000,
              "ess_mbar": 5807.39100973597,
              "g": 3.3963740584651916,
              "ess_autocorr": 588.8632893703682
            },
            {
              "window": 4,
              "n_samples": 2000,
              "ess_mbar": 3988.020804731613,
              "g": 3.242606360341449,
              "ess_autocorr": 616.7877866585688
            },
            {
              "window": 5,
              "n_samples": 2000,
              "ess_mbar": 3707.092398669517,
              "g": 3.2698759988727115,
              "ess_autocorr": 611.6439891572338
            },
            {
              "window": 6,
              "n_samples": 2000,
              "ess_mbar": 3020.901541387893,
              "g": 3.3024917042007385,
              "ess_autocorr": 605.6033380662301
            },
            {
              "window": 7,
              "n_samples": 2000,
              "ess_mbar": 2803.1466449769673,
              "g": 3.344575989515321,
              "ess_autocorr": 597.9831243989256
            },
            {
              "window": 8,
              "n_samples": 2000,
              "ess_mbar": 2403.883948499893,
              "g": 3.3051583680919796,
              "ess_autocorr": 605.114725910871
            },
            {
              "window": 9,
              "n_samples": 2000,
              "ess_mbar": 2079.4675824653295,
              "g": 3.2776579145778264,
              "ess_autocorr": 610.1918052841115
            },
            {
              "window": 10,
              "n_samples": 2000,
              "ess_mbar": 3101.025704764534,
              "g": 3.2148085463356844,
              "ess_autocorr": 622.1210287249136
            },
            {
              "window": 11,
              "n_samples": 2000,
              "ess_mbar": 3033.879538222588,
              "g": 3.2689221742865895,
              "ess_autocorr": 611.8224580970578
            }
          ],
          "convergence": {
            "forward": [
              {
