{
  "provenance": {
    "tags": [
      "nr4a3-abfe-8xtt-r3"
    ],
    "receptors": [
      "nr4a3"
    ],
    "target": "nr4a3",
    "temperature_K": 300.0,
    "n_windows": 12,
    "engine": "research/modalities/nr4a3_abfe.py",
    "diagnostics": "research/modalities/nr4a3_abfe_diagnostics.py",
    "note": "Recomputed from the ABFE per-window reduced potentials (dedup-by-iteration, same MBAR as the \u00a74 reducer). Overlap/ESS via pymbar; \u0394\u0394G offset-invariant."
  },
  "manuscript_s4": {
    "dg_bind": {
      "nr4a3": [
        3.5,
        1.4
      ],
      "nr4a1": [
        8.3,
        1.1
      ],
      "nr4a2": [
        8.5,
        0.7
      ]
    },
    "ddg": {
      "nr4a1": [
        -4.76,
        2.03
      ],
      "nr4a2": [
        -4.98,
        0.68
      ]
    },
    "note": "raw-engine \u0394G_bind (kcal/mol); \u0394\u0394G = \u0394G_bind(NR4A3) \u2212 \u0394G_bind(paralogue); n=3 replicate SD."
  },
  "per_replicate_dg_bind": {},
  "summary": null,
  "manuscript_consistency": null,
  "replicates": {
    "nr4a3-abfe-8xtt-r3": {
      "tag": "nr4a3-abfe-8xtt-r3",
      "legs": {
        "complex-nr4a3": {
          "dir": "/home/runner/work/_temp/abfe-diag/nr4a3-abfe-8xtt-r3/complex-nr4a3/nr4a3/complex",
          "n_windows": 12,
          "n_samples_per_window": [
            2000,
            2000,
            2000,
            2000,
            2000,
            2000,
            2000,
            2000,
            2000,
            2000,
            2000,
            2000
          ],
          "overlap_matrix": [
            [
              0.7593452465731952,
              0.21717216091721128,
              0.021698255284101027,
              0.0015490140070554888,
              0.00012135361012636691,
              9.847821651831744e-05,
              1.5255786457768735e-05,
              2.3505186203512038e-07,
              5.536466041052884e-10,
              3.972940321110391e-14,
              4.14488107342066e-20,
              3.6604743081192465e-23
            ],
            [
              0.21717216091721128,
              0.4842895165593282,
              0.23034929001242868,
              0.05298073348486158,
              0.009388284847925261,
              0.005312032178798954,
              0.000501633210286949,
              6.333661839555334e-06,
              1.512022700778127e-08,
              1.321486341908227e-12,
              2.358713049222956e-18,
              3.5195026312883205e-21
            ],
            [
              0.021698255284101027,
              0.23034929001242868,
              0.3829820857915367,
              0.23522587591000657,
              0.08951778838035716,
              0.03773539607536485,
              0.0024680316444686415,
              2.3221973945692314e-05,
              5.492252897632325e-08,
              7.085470977574487e-12,
              2.242206979647334e-17,
              4.2382386451768507e-20
            ],
            [
              0.0015490140070554888,
              0.05298073348486158,
              0.23522587591000657,
              0.3387806881384899,
              0.27545942383781435,
              0.09107343685328413,
              0.004891745925268735,
              3.89962698934532e-05,
              8.557982721329831e-08,
              1.2196615677989795e-11,
              4.4259778626908055e-17,
              8.856405710383682e-20
            ],
            [
              0.00012135361012636691,
              0.009388284847925261,
              0.08951778838035716,
              0.27545942383781435,
              0.4803035553496004,
              0.13851807097702049,
              0.006644052228213,
              4.7381488496818245e-05,
              8.926448724634663e-08,
              1.089374402956205e-11,
              3.613764061081922e-17,
              7.006727706522391e-20
            ],
            [
              9.847821651831744e-05,
              0.005312032178798954,
              0.03773539607536485,
              0.09107343685328413,
              0.13851807097702049,
              0.5463595207990983,
              0.1771029457057888,
              0.003789430036121625,
              1.0688139419876468e-05,
              1.002679415529461e-09,
              1.5980320965618512e-15,
              1.685919156481858e-18
            ],
            [
              1.5255786457768735e-05,
              0.000501633210286949,
              0.0024680316444686415,
              0.004891745925268735,
              0.006644052228213,
              0.1771029457057888,
              0.665800603715307,
              0.1414375113280889,
              0.0011381117271973265,
              1.0873673546767885e-07,
              1.197232597148365e-13,
              1.0278602433644359e-16
            ],
            [
              2.3505186203512038e-07,
              6.333661839555334e-06,
              2.3221973945692314e-05,
              3.89962698934532e-05,
              4.7381488496818245e-05,
              0.003789430036121625,
              0.1414375113280889,
              0.7512085356089229,
              0.10340599002633186,
              4.23645013051266e-05,
              5.0317757359797315e-11,
              2.6999507113186724e-14
            ],
            [
              5.536466041052884e-10,
              1.512022700778127e-08,
              5.492252897632325e-08,
              8.557982721329831e-08,
              8.926448724634663e-08,
              1.0688139419876468e-05,
              0.0011381117271973265,
              0.10340599002633186,
              0.8551352789592068,
              0.040309269391697336,
              4.1596234388452273e-07,
              3.544717010483029e-10
            ],
            [
              3.972940321110391e-14,
              1.321486341908227e-12,
              7.085470977574487e-12,
              1.2196615677989795e-11,
              1.089374402956205e-11,
              1.002679415529461e-09,
              1.0873673546767885e-07,
              4.23645013051266e-05,
              0.040309269391697336,
              0.9364572713279995,
              0.02300687479943945,
              0.0001841102109663352
            ],
            [
              4.14488107342066e-20,
              2.358713049222956e-18,
              2.242206979647334e-17,
              4.4259778626908055e-17,
              3.613764061081922e-17,
              1.5980320965618512e-15,
              1.197232597148365e-13,
              5.0317757359797315e-11,
              4.1596234388452273e-07,
              0.02300687479943945,
              0.7275816363860916,
              0.24941107280223707
            ],
            [
              3.6604743081192465e-23,
              3.5195026312883205e-21,
              4.2382386451768507e-20,
              8.856405710383682e-20,
              7.006727706522391e-20,
              1.685919156481858e-18,
              1.0278602433644359e-16,
              2.6999507113186724e-14,
              3.544717010483029e-10,
              0.0001841102109663352,
              0.24941107280223707,
              0.7504048166304601
            ]
          ],
          "adjacent_overlaps": [
            0.21717216091721128,
            0.23034929001242868,
            0.23522587591000657,
            0.27545942383781435,
            0.13851807097702049,
            0.1771029457057888,
            0.1414375113280889,
            0.10340599002633186,
            0.040309269391697336,
            0.02300687479943945,
            0.24941107280223707
          ],
          "min_adjacent_overlap": 0.02300687479943945,
          "ess": [
            {
              "window": 0,
              "n_samples": 2000,
              "ess_mbar": 2633.848053998735,
              "g": 3.39958112144364,
              "ess_autocorr": 588.3077733855326
            },
            {
              "window": 1,
              "n_samples": 2000,
              "ess_mbar": 4129.761086321157,
              "g": 3.2328066578256918,
              "ess_autocorr": 618.6574737337221
            },
            {
              "window": 2,
              "n_samples": 2000,
              "ess_mbar": 5222.1763737759575,
              "g": 3.1493829894714254,
              "ess_autocorr": 635.0450252275189
            },
            {
              "window": 3,
              "n_samples": 2000,
              "ess_mbar": 5903.52422680723,
              "g": 3.1391256327305808,
              "ess_autocorr": 637.1200882012142
            },
            {
              "window": 4,
              "n_samples": 2000,
              "ess_mbar": 4164.033302947867,
              "g": 3.334257452995315,
              "ess_autocorr": 599.833704563908
            },
            {
              "window": 5,
              "n_samples": 2000,
              "ess_mbar": 3660.593297751682,
              "g": 3.116627074287596,
              "ess_autocorr": 641.7193819883514
            },
            {
              "window": 6,
              "n_samples": 2000,
              "ess_mbar": 3003.9023528059006,
              "g": 2.998204977691061,
              "ess_autocorr": 667.0657993304428
            },
            {
              "window": 7,
              "n_samples": 2000,
              "ess_mbar": 2662.37656415714,
              "g": 3.0482692513850553,
              "ess_autocorr": 656.1100201667721
            },
            {
              "window": 8,
              "n_samples": 2000,
              "ess_mbar": 2338.8112374853936,
              "g": 3.028721755005779,
              "ess_autocorr": 660.3445815695883
            },
            {
              "window": 9,
              "n_samples": 2000,
              "ess_mbar": 2135.7087624123837,
              "g": 2.853570356163611,
              "ess_autocorr": 700.8763585169963
            },
            {
              "window": 10,
              "n_samples": 2000,
              "ess_mbar": 2748.8324333390665,
              "g": 3.0679291586527815,
              "ess_autocorr": 651.9055351585299
            },
            {
              "window": 11,
              "n_samples": 2000,
              "ess_mbar": 2665.228095124166,
              "g": 3.001947881189593,
              "ess_autocorr": 666.23408505262
            }
          ],
          "convergence": {
            "forward": [
              {
                "fraction": 0.1,
                "n": 200,
                "dg": 26.595143950838445,
                "se": 0.3711965715025303
              },
              {
                "fraction": 0.2,
                "n": 400,
                "dg": 25.90310861872105,
                "se": 0.27480464943971883
              },
              {
                "fraction": 0.3,
                "n": 600,
                "dg": 25.16665050059138,
                "se": 0.23230668142607167
              },
              {
                "fraction": 0.4,
                "n": 800,
                "dg": 25.05708325468732,
                "se": 0.20206827978444197
              },
              {
                "fraction": 0.5,
                "n": 1000,
                "dg": 24.976807588959154,
                "se": 0.18034140108143146
              },
              {
                "fraction": 0.6,
                "n": 1200,
                "dg": 24.876620855989884,
                "se": 0.16684478231185088
              },
              {
                "fraction": 0.7,
                "n": 1400,
                "dg": 24.554243372387955,
                "se": 0.15584490864246442
              },
              {
                "fraction": 0.8,
                "n": 1600,
                "dg": 24.35729396175576,
                "se": 0.14734578804785342
              },
              {
                "fraction": 0.9,
                "n": 1800,
                "dg": 24.159946055637057,
                "se": 0.1406318581172178
              },
              {
                "fraction": 1.0,
                "n": 2000,
                "dg": 24.070638916441776,
                "se": 0.1344134052922268
              }
            ],
            "reverse": [
              {
                "fraction": 0.1,
                "n": 200,
                "dg": 23.08175297201838,
                "se": 0.48886618882369676
              },
              {
                "fraction": 0.2,
                "n": 400,
                "dg": 22.630323324885318,
                "se": 0.3510215356044263
              },
              {
                "fraction": 0.3,
                "n": 600,
                "dg": 22.7048494460891,
                "se": 0.2731897732695666
              },
              {
                "fraction": 0.4,
                "n": 800,
                "dg": 22.532602783403327,
                "se": 0.23386931303031405
              },
              {
                "fraction": 0.5,
                "n": 1000,
                "dg": 22.79568983283691,
                "se": 0.20999258641481636
              },
              {
                "fraction": 0.6,
                "n": 1200,
                "dg": 23.074005128358415,
                "se": 0.18519257370206146
              },
              {
                "fraction": 0.7,
                "n": 1400,
                "dg": 23.390272283148683,
                "se": 0.1674418264886152
              },
              {
                "fraction": 0.8,
                "n": 1600,
                "dg": 23.437276129487454,
                "se": 0.15567511170541135
              },
              {
                "fraction": 0.9,
                "n": 1800,
                "dg": 23.65492062903937,
                "se": 0.14574469025717499
              },
              {
                "fraction": 1.0,
                "n": 2000,
                "dg": 24.070638916441776,
                "se": 0.1344134052922268
              }
            ],
            "n_min": 2000,
            "n_windows": 12
          }
        }
      },
      "receptors": {}
    }
  }
}