{
  "provenance": {
    "tags": [
      "nr4a3-abfe-8xtt-r1",
      "nr4a3-abfe-8xtt-r2",
      "nr4a3-abfe-8xtt-r3"
    ],
    "receptors": [
      "nr4a3"
    ],
    "target": "nr4a3",
    "solvent_tag": "nr4a3-abfe",
    "temperature_K": 300.0,
    "n_windows": 12,
    "engine": "research/modalities/nr4a3_abfe.py",
    "diagnostics": "research/modalities/nr4a3_abfe_diagnostics.py",
    "note": "Recomputed from the ABFE per-window reduced potentials (dedup-by-iteration, same MBAR as the \u00a74 reducer). Overlap/ESS via pymbar; \u0394\u0394G offset-invariant."
  },
  "manuscript_s4": {
    "dg_bind": {
      "nr4a3": [
        3.5,
        1.4
      ],
      "nr4a1": [
        8.3,
        1.1
      ],
      "nr4a2": [
        8.5,
        0.7
      ]
    },
    "ddg": {
      "nr4a1": [
        -4.76,
        2.03
      ],
      "nr4a2": [
        -4.98,
        0.68
      ]
    },
    "note": "raw-engine \u0394G_bind (kcal/mol); \u0394\u0394G = \u0394G_bind(NR4A3) \u2212 \u0394G_bind(paralogue); n=3 replicate SD."
  },
  "per_replicate_dg_bind": {
    "r1": {
      "nr4a3": 7.946392761050495
    },
    "r2": {
      "nr4a3": 9.244767150261842
    },
    "r3": {
      "nr4a3": 7.3229207313797655
    }
  },
  "summary": {
    "target": "nr4a3",
    "replicates": [
      "r1",
      "r2",
      "r3"
    ],
    "per_receptor": {
      "nr4a3": {
        "values": {
          "r1": 7.946392761050495,
          "r2": 9.244767150261842,
          "r3": 7.3229207313797655
        },
        "mean": 8.1713602142307,
        "sd": 0.9804749770826668,
        "n": 3
      }
    },
    "ddg": {}
  },
  "manuscript_consistency": {
    "rows": [
      {
        "quantity": "dg_bind[nr4a3].mean",
        "recomputed": 8.1713602142307,
        "expected": 3.5,
        "delta": 4.671,
        "tol": 0.6,
        "within_tol": false
      },
      {
        "quantity": "dg_bind[nr4a3].sd",
        "recomputed": 0.9804749770826668,
        "expected": 1.4,
        "delta": -0.42,
        "tol": 0.5,
        "within_tol": true
      },
      {
        "quantity": "dg_bind[nr4a1].mean",
        "recomputed": null,
        "expected": 8.3,
        "delta": null,
        "tol": 0.6,
        "within_tol": false
      },
      {
        "quantity": "dg_bind[nr4a1].sd",
        "recomputed": null,
        "expected": 1.1,
        "delta": null,
        "tol": 0.5,
        "within_tol": false
      },
      {
        "quantity": "dg_bind[nr4a2].mean",
        "recomputed": null,
        "expected": 8.5,
        "delta": null,
        "tol": 0.6,
        "within_tol": false
      },
      {
        "quantity": "dg_bind[nr4a2].sd",
        "recomputed": null,
        "expected": 0.7,
        "delta": null,
        "tol": 0.5,
        "within_tol": false
      },
      {
        "quantity": "ddg[nr4a3-nr4a1].mean",
        "recomputed": null,
        "expected": -4.76,
        "delta": null,
        "tol": 0.6,
        "within_tol": false
      },
      {
        "quantity": "ddg[nr4a3-nr4a1].sd",
        "recomputed": null,
        "expected": 2.03,
        "delta": null,
        "tol": 0.5,
        "within_tol": false
      },
      {
        "quantity": "ddg[nr4a3-nr4a2].mean",
        "recomputed": null,
        "expected": -4.98,
        "delta": null,
        "tol": 0.6,
        "within_tol": false
      },
      {
        "quantity": "ddg[nr4a3-nr4a2].sd",
        "recomputed": null,
        "expected": 0.68,
        "delta": null,
        "tol": 0.5,
        "within_tol": false
      }
    ],
    "consistent": false
  },
  "replicates": {
    "nr4a3-abfe-8xtt-r1": {
      "tag": "nr4a3-abfe-8xtt-r1",
      "legs": {
        "solvent": {
          "dir": "/home/runner/work/_temp/abfe-diag/nr4a3-abfe/solvent/shared/solvent",
          "n_windows": 12,
          "n_samples_per_window": [
            2000,
            2000,
            2000,
            2000,
            2000,
            2000,
            2000,
            2000,
            2000,
            2000,
            2000,
            2000
          ],
          "overlap_matrix": [
            [
              0.7649268867525584,
              0.21825516985019644,
              0.016201887910624702,
              0.0005699085115534596,
              1.7868602376911758e-05,
              1.844639848946596e-05,
              8.521694179501518e-06,
              1.2452560580133785e-06,
              6.443186533792459e-08,
              5.920588995484129e-10,
              1.4171108814845623e-14,
              2.3418966233224782e-17
            ],
            [
              0.21825516985019644,
              0.5209228400605748,
              0.22098216411602628,
              0.03335130370317445,
              0.0031280089529610484,
              0.0024333887446355176,
              0.0008235492057016226,
              9.863755458167899e-05,
              4.889120253264297e-06,
              4.869053052052254e-08,
              1.3823919174854816e-12,
              2.7685650821188023e-15
            ],
            [
              0.016201887910624702,
              0.22098216411602628,
              0.4326383233369886,
              0.22446122311000058,
              0.05820962946495048,
              0.03658196996849257,
              0.00989617985722785,
              0.0009855777155151765,
              4.260608966549504e-05,
              4.3841060769617553e-07,
              1.9717637334549616e-11,
              7.11158955233276e-14
            ],
            [
              0.0005699085115534596,
              0.03335130370317445,
              0.22446122311000058,
              0.3442314454849532,
              0.23699931462334659,
              0.1279164829688033,
              0.029659446351707603,
              0.0026944300339522133,
              0.0001149666283926248,
              1.4784705105818988e-06,
              1.131523699514429e-10,
              5.462703009267438e-13
            ],
            [
              1.7868602376911758e-05,
              0.0031280089529610484,
              0.05820962946495048,
              0.23699931462334659,
              0.4381459143662829,
              0.21449164960317327,
              0.04500697726554034,
              0.0038391390937801083,
              0.00015937061327878495,
              2.127230722792853e-06,
              1.8224472889910686e-10,
              9.372949111745147e-13
            ],
            [
              1.844639848946596e-05,
              0.0024333887446355176,
              0.03658196996849257,
              0.1279164829688033,
              0.21449164960317327,
              0.36947116941367797,
              0.2140138517037383,
              0.03337859815204648,
              0.0016773171795274322,
              1.7125010736293683e-05,
              8.538877731692226e-10,
              3.514884060011286e-12
            ],
            [
              8.521694179501518e-06,
              0.0008235492057016226,
              0.00989617985722785,
              0.029659446351707603,
              0.04500697726554034,
              0.2140138517037383,
              0.45170825462818165,
              0.2271348334798667,
              0.021524033554792064,
              0.00022434640530260387,
              5.839941946121387e-09,
              1.3497092219846403e-11
            ],
            [
              1.2452560580133785e-06,
              9.863755458167899e-05,
              0.0009855777155151765,
              0.0026944300339522133,
              0.0038391390937801083,
              0.03337859815204648,
              0.2271348334798667,
              0.523324817651157,
              0.203752058518815,
              0.004790532305245214,
              1.3004535626867125e-07,
              1.937610574198826e-10
            ],
            [
              6.443186533792459e-08,
              4.889120253264297e-06,
              4.260608966549504e-05,
              0.0001149666283926248,
              0.00015937061327878495,
              0.0016773171795274322,
              0.021524033554792064,
              0.203752058518815,
              0.6503143564677494,
              0.1224001604224783,
              1.0160340337985087e-05,
              1.6632482556320567e-08
            ],
            [
              5.920588995484129e-10,
              4.869053052052254e-08,
              4.3841060769617553e-07,
              1.4784705105818988e-06,
              2.127230722792853e-06,
              1.7125010736293683e-05,
              0.00022434640530260387,
              0.004790532305245214,
              0.1224001604224783,
              0.8518889420747392,
              0.020376378870911382,
              0.0002984215163825715
            ],
            [
              1.4171108814845623e-14,
              1.3823919174854816e-12,
              1.9717637334549616e-11,
              1.131523699514429e-10,
              1.8224472889910686e-10,
              8.538877731692226e-10,
              5.839941946121387e-09,
              1.3004535626867125e-07,
              1.0160340337985087e-05,
              0.020376378870911382,
              0.6284406757205283,
              0.3511726480124537
            ],
            [
              2.3418966233224782e-17,
              2.7685650821188023e-15,
              7.11158955233276e-14,
              5.462703009267438e-13,
              9.372949111745147e-13,
              3.514884060011286e-12,
              1.3497092219846403e-11,
              1.937610574198826e-10,
              1.6632482556320567e-08,
              0.0002984215163825715,
              0.3511726480124537,
              0.648528913626431
            ]
          ],
          "adjacent_overlaps": [
            0.21825516985019644,
            0.22098216411602628,
            0.22446122311000058,
            0.23699931462334659,
            0.21449164960317327,
            0.2140138517037383,
            0.2271348334798667,
            0.203752058518815,
            0.1224001604224783,
            0.020376378870911382,
            0.3511726480124537
          ],
          "min_adjacent_overlap": 0.020376378870911382,
          "ess": [
            {
              "window": 0,
              "n_samples": 2000,
              "ess_mbar": 2614.62897256868,
              "g": 2.9047524633379855,
              "ess_autocorr": 688.5268281007695
            },
            {
              "window": 1,
              "n_samples": 2000,
              "ess_mbar": 3839.340198190259,
              "g": 2.583353935205087,
              "ess_autocorr": 774.1873743061941
            },
            {
              "window": 2,
              "n_samples": 2000,
              "ess_mbar": 4622.798980390301,
              "g": 2.7467438578522057,
              "ess_autocorr": 728.1348766039961
            },
            {
              "window": 3,
              "n_samples": 2000,
              "ess_mbar": 5810.044451872781,
              "g": 3.165093776945048,
              "ess_autocorr": 631.8928098018006
            },
            {
              "window": 4,
              "n_samples": 2000,
              "ess_mbar": 4564.689374983037,
              "g": 3.1986888737165606,
              "ess_autocorr": 625.2561843178569
            },
            {
              "window": 5,
              "n_samples": 2000,
              "ess_mbar": 5413.142257280435,
              "g": 3.106260819526206,
              "ess_autocorr": 643.8609364119841
            },
            {
              "window": 6,
              "n_samples": 2000,
              "ess_mbar": 4427.636598419652,
              "g": 3.1105313536270973,
              "ess_autocorr": 642.9769620125707
            },
            {
              "window": 7,
              "n_samples": 2000,
              "ess_mbar": 3821.7182379704736,
              "g": 2.782801796637732,
              "ess_autocorr": 718.7001253256565
            },
            {
              "window": 8,
              "n_samples": 2000,
              "ess_mbar": 3075.435718293549,
              "g": 3.3761316830249077,
              "ess_autocorr": 592.3939549087917
            },
            {
              "window": 9,
              "n_samples": 2000,
              "ess_mbar": 2347.7238654243897,
              "g": 3.1017851140783215,
              "ess_autocorr": 644.7899923571234
            },
            {
              "window": 10,
              "n_samples": 2000,
              "ess_mbar": 3182.480188296108,
              "g": 2.725017581537706,
              "ess_autocorr": 733.9402187898604
            },
            {
              "window": 11,
              "n_samples": 2000,
              "ess_mbar": 3083.9025955164293,
              "g": 3.4824759033347963,
              "ess_autocorr": 574.3040456029611
            }
          ],
          "convergence": {
            "forward": [
              {
                "fraction": 0.1,
                "n": 200,
                "dg": 24.431775426984263,
                "se": 0.3219960034409244
              },
              {
                "fraction": 0.2,
                "n": 400,
                "dg": 23.936144842987176,
                "se": 0.24134228468115235
              },
              {
                "fraction": 0.3,
                "n": 600,
                "dg": 23.730608145396175,
                "se": 0.2030657537982445
              },
              {
                "fraction": 0.4,
                "n": 800,
                "dg": 23.669732771898165,
                "se": 0.17920002988732292
              },
              {
                "fraction": 0.5,
                "n": 1000,
                "dg": 23.767801778940335,
                "se": 0.15896056373945852
              },
              {
                "fraction": 0.6,
                "n": 1200,
                "dg": 23.69301364594841,
                "se": 0.14733954692064932
              },
              {
                "fraction": 0.7,
                "n": 1400,
                "dg": 23.578033044284517,
                "se": 0.13785877506103278
              },
              {
                "fraction": 0.8,
                "n": 1600,
                "dg": 23.382985795206654,
                "se": 0.12994293781937788
              },
              {
                "fraction": 0.9,
                "n": 1800,
                "dg": 23.239334367119767,
                "se": 0.12297379283251864
              },
              {
                "fraction": 1.0,
                "n": 2000,
                "dg": 23.13314202175347,
                "se": 0.11645800676886682
              }
            ],
            "reverse": [
              {
                "fraction": 0.1,
                "n": 200,
                "dg": 22.201683674627404,
                "se": 0.3743307366225219
              },
              {
                "fraction": 0.2,
                "n": 400,
                "dg": 22.166934311851136,
                "se": 0.26490913736931043
              },
              {
                "fraction": 0.3,
                "n": 600,
                "dg": 22.193450243768545,
                "se": 0.2103467857580956
              },
              {
                "fraction": 0.4,
                "n": 800,
                "dg": 22.304394255045793,
                "se": 0.18735998402561663
              },
              {
                "fraction": 0.5,
                "n": 1000,
                "dg": 22.464040030154106,
                "se": 0.1693710164408129
              },
              {
                "fraction": 0.6,
                "n": 1200,
                "dg": 22.76990180426558,
                "se": 0.15202703401299383
              },
              {
                "fraction": 0.7,
                "n": 1400,
                "dg": 22.857962665709174,
                "se": 0.14149257401746487
              },
              {
                "fraction": 0.8,
                "n": 1600,
                "dg": 22.906420144741336,
                "se": 0.13246863583259447
              },
              {
                "fraction": 0.9,
                "n": 1800,
                "dg": 22.944931220821662,
                "se": 0.12513551267070733
              },
              {
                "fraction": 1.0,
                "n": 2000,
                "dg": 23.13314202175347,
                "se": 0.11645800676886682
              }
            ],
            "n_min": 2000,
            "n_windows": 12
          }
        },
        "complex-nr4a3": {
          "dir": "/home/runner/work/_temp/abfe-diag/nr4a3-abfe-8xtt-r1/complex-nr4a3/nr4a3/complex",
          "n_windows": 12,
          "n_samples_per_window": [
            2000,
            2000,
            2000,
            2000,
            2000,
            2000,
            2000,
            2000,
            2000,
            2000,
            2000,
            2000
          ],
          "overlap_matrix": [
            [
              0.7210066401958242,
              0.24478298453070682,
              0.031443847165530454,
              0.0024289783959985708,
              0.0001853755614988399,
              0.0001429728420248493,
              9.11912545860795e-06,
              8.201438725960082e-08,
              1.7005041163320995e-10,
              3.0187348365277315e-14,
              3.877489003472032e-19,
              5.586390070313849e-22
            ],
            [
              0.24478298453070682,
              0.4560938709038156,
              0.2291471236960333,
              0.054150319853402955,
              0.009812194457940342,
              0.0057420203591858135,
              0.00026976774098361173,
              1.7157823332661495e-06,
              2.669998020223539e-09,
              4.835479509029378e-13,
              7.178168771694962e-18,
              1.1658102121585238e-20
            ],
            [
              0.031443847165530454,
              0.2291471236960333,
              0.3723408571457059,
              0.2318504511107804,
              0.092105747245834,
              0.041500232275918696,
              0.0016029539300820717,
              8.777661263825124e-06,
              9.779383136297184e-09,
              1.359006705884096e-12,
              2.1821863770108434e-17,
              3.945516666277393e-20
            ],
            [
              0.0024289783959985708,
              0.054150319853402955,
              0.2318504511107804,
              0.334725705226426,
              0.2759469399370822,
              0.09771740333265014,
              0.0031636514789418935,
              1.653315731483361e-05,
              1.749704728958358e-08,
              1.7460152453073187e-12,
              2.1551626788001446e-17,
              3.685834257035917e-20
            ],
            [
              0.0001853755614988399,
              0.009812194457940342,
              0.092105747245834,
              0.2759469399370822,
              0.47745606632122284,
              0.14050607517006122,
              0.0039671621089599094,
              2.0416690072736254e-05,
              2.250529993417681e-08,
              1.7925629589966658e-12,
              1.2726424931843999e-17,
              1.6252620436868425e-20
            ],
            [
              0.0001429728420248493,
              0.0057420203591858135,
              0.041500232275918696,
              0.09771740333265014,
              0.14050607517006122,
              0.5717333284251324,
              0.1395154929837492,
              0.003135371022387032,
              7.103044364654518e-06,
              5.388852300255748e-10,
              1.8703048186594665e-15,
              1.078130896311637e-18
            ],
            [
              9.11912545860795e-06,
              0.00026976774098361173,
              0.0016029539300820717,
              0.0031636514789418935,
              0.0039671621089599094,
              0.1395154929837492,
              0.6710704161129994,
              0.17926719020677234,
              0.0011341561106769634,
              9.020950532628924e-08,
              2.3217723437377947e-13,
              1.0719312539428639e-16
            ],
            [
              8.201438725960082e-08,
              1.7157823332661495e-06,
              8.777661263825124e-06,
              1.653315731483361e-05,
              2.0416690072736254e-05,
              0.003135371022387032,
              0.17926719020677234,
              0.7450492043331506,
              0.0724721439487071,
              2.8565089030844354e-05,
              9.255650796010243e-11,
              3.193084456711144e-14
            ],
            [
              1.7005041163320995e-10,
              2.669998020223539e-09,
              9.779383136297184e-09,
              1.749704728958358e-08,
              2.250529993417681e-08,
              7.103044364654518e-06,
              0.0011341561106769634,
              0.0724721439487071,
              0.8725028263215862,
              0.05388210477908616,
              1.6124950615060181e-06,
              6.793358324623862e-10
            ],
            [
              3.0187348365277315e-14,
              4.835479509029378e-13,
              1.359006705884096e-12,
              1.7460152453073187e-12,
              1.7925629589966658e-12,
              5.388852300255748e-10,
              9.020950532628924e-08,
              2.8565089030844354e-05,
              0.05388210477908616,
              0.9197100422651981,
              0.026256610528827447,
              0.0001225865845005312
            ],
            [
              3.877489003472032e-19,
              7.178168771694962e-18,
              2.1821863770108434e-17,
              2.1551626788001446e-17,
              1.2726424931843999e-17,
              1.8703048186594665e-15,
              2.3217723437377947e-13,
              9.255650796010243e-11,
              1.6124950615060181e-06,
              0.026256610528827447,
              0.7718108648143579,
              0.20193091206859007
            ],
            [
              5.586390070313849e-22,
              1.1658102121585238e-20,
              3.945516666277393e-20,
              3.685834257035917e-20,
              1.6252620436868425e-20,
              1.078130896311637e-18,
              1.0719312539428639e-16,
              3.193084456711144e-14,
              6.793358324623862e-10,
              0.0001225865845005312,
              0.20193091206859007,
              0.7979465006685357
            ]
          ],
          "adjacent_overlaps": [
            0.24478298453070682,
            0.2291471236960333,
            0.2318504511107804,
            0.2759469399370822,
            0.14050607517006122,
            0.1395154929837492,
            0.17926719020677234,
            0.0724721439487071,
            0.05388210477908616,
            0.026256610528827447,
            0.20193091206859007
          ],
          "min_adjacent_overlap": 0.026256610528827447,
          "ess": [
            {
              "window": 0,
              "n_samples": 2000,
              "ess_mbar": 2773.899557231266,
              "g": 3.1235579131582893,
              "ess_autocorr": 640.2954757377179
            },
            {
              "window": 1,
              "n_samples": 2000,
              "ess_mbar": 4385.062215452954,
              "g": 3.139851777543597,
              "ess_autocorr": 636.9727432053056
            },
            {
              "window": 2,
              "n_samples": 2000,
              "ess_mbar": 5371.42234492239,
              "g": 3.0914833840483835,
              "ess_autocorr": 646.9386218666796
            },
            {
              "window": 3,
              "n_samples": 2000,
              "ess_mbar": 5975.041560214491,
              "g": 3.1243754474824588,
              "ess_autocorr": 640.1279339240579
            },
            {
              "window": 4,
              "n_samples": 2000,
              "ess_mbar": 4188.867083436407,
              "g": 3.006085902317777,
              "ess_autocorr": 665.3169819458398
            },
            {
              "window": 5,
              "n_samples": 2000,
              "ess_mbar": 3498.134358388898,
              "g": 3.0521662576624244,
              "ess_autocorr": 655.272298807126
            },
            {
              "window": 6,
              "n_samples": 2000,
              "ess_mbar": 2980.3131712830964,
              "g": 3.249393504259009,
              "ess_autocorr": 615.4994762495161
            },
            {
              "window": 7,
              "n_samples": 2000,
              "ess_mbar": 2684.386465173239,
              "g": 3.2874342610087317,
              "ess_autocorr": 608.3771845178467
            },
            {
              "window": 8,
              "n_samples": 2000,
              "ess_mbar": 2292.256184924772,
              "g": 2.9821404204492543,
              "ess_autocorr": 670.6592306269413
            },
            {
              "window": 9,
              "n_samples": 2000,
              "ess_mbar": 2174.5984148157213,
              "g": 2.9413897336650945,
              "ess_autocorr": 679.9506971515524
            },
            {
              "window": 10,
              "n_samples": 2000,
              "ess_mbar": 2591.3084295348135,
              "g": 3.0229013657675914,
              "ess_autocorr": 661.6160297681923
            },
            {
              "window": 11,
              "n_samples": 2000,
              "ess_mbar": 2506.4336999089032,
              "g": 3.012154699624825,
              "ess_autocorr": 663.976521607309
            }
          ],
          "convergence": {
            "forward": [
              {
                "fraction": 0.1,
                "n": 200,
                "dg": 25.720296222219496,
                "se": 0.3674146659485779
              },
              {
                "fraction": 0.2,
                "n": 400,
                "dg": 24.517330982026124,
                "se": 0.2783394691145981
              },
              {
                "fraction": 0.3,
                "n": 600,
                "dg": 23.95400767474041,
                "se": 0.2354415796446501
              },
              {
                "fraction": 0.4,
                "n": 800,
                "dg": 24.105386707454564,
                "se": 0.20477977243386117
              },
              {
                "fraction": 0.5,
                "n": 1000,
                "dg": 23.900192449748758,
                "se": 0.18162187283675826
              },
              {
                "fraction": 0.6,
                "n": 1200,
                "dg": 23.79211829473224,
                "se": 0.16463244303065766
              },
              {
                "fraction": 0.7,
                "n": 1400,
                "dg": 23.56704930005419,
                "se": 0.15535424471813555
              },
              {
                "fraction": 0.8,
                "n": 1600,
                "dg": 23.469637328413423,
                "se": 0.14502563838921054
              },
              {
                "fraction": 0.9,
                "n": 1800,
                "dg": 23.44019766083471,
                "se": 0.13784078797030938
              },
              {
                "fraction": 1.0,
                "n": 2000,
                "dg": 23.447166886771047,
                "se": 0.12960492916884134
              }
            ],
            "reverse": [
              {
                "fraction": 0.1,
                "n": 200,
                "dg": 23.351943546893935,
                "se": 0.39062978446848406
              },
              {
                "fraction": 0.2,
                "n": 400,
                "dg": 23.351570691322642,
                "se": 0.29040296004103977
              },
              {
                "fraction": 0.3,
                "n": 600,
                "dg": 23.164955586071617,
                "se": 0.23576841753596744
              },
              {
                "fraction": 0.4,
                "n": 800,
                "dg": 22.91115991836301,
                "se": 0.21026616268866785
              },
              {
                "fraction": 0.5,
                "n": 1000,
                "dg": 22.991510025757123,
                "se": 0.1856100518684364
              },
              {
                "fraction": 0.6,
                "n": 1200,
                "dg": 23.027470974690544,
                "se": 0.16809377181328367
              },
              {
                "fraction": 0.7,
                "n": 1400,
                "dg": 23.239389752732446,
                "se": 0.15548118447651843
              },
              {
                "fraction": 0.8,
                "n": 1600,
                "dg": 23.20072878110577,
                "se": 0.14601965273645345
              },
              {
                "fraction": 0.9,
                "n": 1800,
                "dg": 23.16379755721228,
                "se": 0.13785677187543385
              },
              {
                "fraction": 1.0,
                "n": 2000,
                "dg": 23.447166886771047,
                "se": 0.12960492916884134
              }
            ],
            "n_min": 2000,
            "n_windows": 12
          }
        }
      },
      "receptors": {
        "nr4a3": {
          "dg_bind": 7.946392761050495,
          "se": 0.17424093952179495,
          "complex_dg": 23.447166886771047,
          "complex_se": 0.12960492916884134,
          "solvent_dg": 23.13314202175347,
          "solvent_se": 0.11645800676886682,
          "restraint_standard_state_dg": -8.26041762606807,
          "bind_convergence": {
            "forward": [
              {
                "fraction": 0.1,
                "dg": 6.971896830832838,
                "se": 0.48854371655567624
              },
              {
                "fraction": 0.2,
                "dg": 7.6792314870291225,
                "se": 0.3684005407733744
              },
              {
                "fraction": 0.3,
                "dg": 8.037018096723836,
                "se": 0.3109154833571615
              },
              {
                "fraction": 0.4,
                "dg": 7.824763690511672,
                "se": 0.27211653001918384
              },
              {
                "fraction": 0.5,
                "dg": 8.128026955259648,
                "se": 0.24136065445117197
              },
              {
                "fraction": 0.6,
                "dg": 8.161312977284242,
                "se": 0.22093615228166025
              },
              {
                "fraction": 0.7,
                "dg": 8.271401370298397,
                "se": 0.2077016687782522
              },
              {
                "fraction": 0.8,
                "dg": 8.173766092861301,
                "se": 0.19472442804981804
              },
              {
                "fraction": 0.9,
                "dg": 8.059554332353128,
                "se": 0.18472313485833602
              },
              {
                "fraction": 1.0,
                "dg": 7.946392761050495,
                "se": 0.17424093952179495
              }
            ],
            "reverse": [
              {
                "fraction": 0.1,
                "dg": 7.1101577538015395,
                "se": 0.5410315414966619
              },
              {
                "fraction": 0.2,
                "dg": 7.075781246596565,
                "se": 0.3930785293835698
              },
              {
                "fraction": 0.3,
                "dg": 7.288912283764999,
                "se": 0.31596284114777873
              },
              {
                "fraction": 0.4,
                "dg": 7.653651962750855,
                "se": 0.28163029451019056
              },
              {
                "fraction": 0.5,
                "dg": 7.732947630465054,
                "se": 0.2512720290139708
              },
              {
                "fraction": 0.6,
                "dg": 8.002848455643106,
                "se": 0.22664451282394696
              },
              {
                "fraction": 0.7,
                "dg": 7.878990539044798,
                "se": 0.2102249919212959
              },
              {
                "fraction": 0.8,
                "dg": 7.966108989703637,
                "se": 0.19715394610461895
              },
              {
                "fraction": 0.9,
                "dg": 8.041551289677452,
                "se": 0.18618105726221496
              },
              {
                "fraction": 1.0,
                "dg": 7.946392761050495,
                "se": 0.17424093952179495
              }
            ]
          }
        }
      }
    },
    "nr4a3-abfe-8xtt-r2": {
      "tag": "nr4a3-abfe-8xtt-r2",
      "legs": {
        "solvent": {
          "dir": "/home/runner/work/_temp/abfe-diag/nr4a3-abfe/solvent/shared/solvent",
          "n_windows": 12,
          "n_samples_per_window": [
            2000,
            2000,
            2000,
            2000,
            2000,
            2000,
            2000,
            2000,
            2000,
            2000,
            2000,
            2000
          ],
          "overlap_matrix": [
            [
              0.7649268867525584,
              0.21825516985019644,
              0.016201887910624702,
              0.0005699085115534596,
              1.7868602376911758e-05,
              1.844639848946596e-05,
              8.521694179501518e-06,
              1.2452560580133785e-06,
              6.443186533792459e-08,
              5.920588995484129e-10,
              1.4171108814845623e-14,
              2.3418966233224782e-17
            ],
            [
              0.21825516985019644,
              0.5209228400605748,
              0.22098216411602628,
              0.03335130370317445,
              0.0031280089529610484,
              0.0024333887446355176,
              0.0008235492057016226,
              9.863755458167899e-05,
              4.889120253264297e-06,
              4.869053052052254e-08,
              1.3823919174854816e-12,
              2.7685650821188023e-15
            ],
            [
              0.016201887910624702,
              0.22098216411602628,
              0.4326383233369886,
              0.22446122311000058,
              0.05820962946495048,
              0.03658196996849257,
              0.00989617985722785,
              0.0009855777155151765,
              4.260608966549504e-05,
              4.3841060769617553e-07,
              1.9717637334549616e-11,
              7.11158955233276e-14
            ],
            [
              0.0005699085115534596,
              0.03335130370317445,
              0.22446122311000058,
              0.3442314454849532,
              0.23699931462334659,
              0.1279164829688033,
              0.029659446351707603,
              0.0026944300339522133,
              0.0001149666283926248,
              1.4784705105818988e-06,
              1.131523699514429e-10,
              5.462703009267438e-13
            ],
            [
              1.7868602376911758e-05,
              0.0031280089529610484,
              0.05820962946495048,
              0.23699931462334659,
              0.4381459143662829,
              0.21449164960317327,
              0.04500697726554034,
              0.0038391390937801083,
              0.00015937061327878495,
              2.127230722792853e-06,
              1.8224472889910686e-10,
              9.372949111745147e-13
            ],
            [
              1.844639848946596e-05,
              0.0024333887446355176,
              0.03658196996849257,
              0.1279164829688033,
              0.21449164960317327,
              0.36947116941367797,
              0.2140138517037383,
              0.03337859815204648,
              0.0016773171795274322,
              1.7125010736293683e-05,
              8.538877731692226e-10,
              3.514884060011286e-12
            ],
            [
              8.521694179501518e-06,
              0.0008235492057016226,
              0.00989617985722785,
              0.029659446351707603,
              0.04500697726554034,
              0.2140138517037383,
              0.45170825462818165,
              0.2271348334798667,
              0.021524033554792064,
              0.00022434640530260387,
              5.839941946121387e-09,
              1.3497092219846403e-11
            ],
            [
              1.2452560580133785e-06,
              9.863755458167899e-05,
              0.0009855777155151765,
              0.0026944300339522133,
              0.0038391390937801083,
              0.03337859815204648,
              0.2271348334798667,
              0.523324817651157,
              0.203752058518815,
              0.004790532305245214,
              1.3004535626867125e-07,
              1.937610574198826e-10
            ],
            [
              6.443186533792459e-08,
              4.889120253264297e-06,
              4.260608966549504e-05,
              0.0001149666283926248,
              0.00015937061327878495,
              0.0016773171795274322,
              0.021524033554792064,
              0.203752058518815,
              0.6503143564677494,
              0.1224001604224783,
              1.0160340337985087e-05,
              1.6632482556320567e-08
            ],
            [
              5.920588995484129e-10,
              4.869053052052254e-08,
              4.3841060769617553e-07,
              1.4784705105818988e-06,
              2.127230722792853e-06,
              1.7125010736293683e-05,
              0.00022434640530260387,
              0.004790532305245214,
              0.1224001604224783,
              0.8518889420747392,
              0.020376378870911382,
              0.0002984215163825715
            ],
            [
              1.4171108814845623e-14,
              1.3823919174854816e-12,
              1.9717637334549616e-11,
              1.131523699514429e-10,
              1.8224472889910686e-10,
              8.538877731692226e-10,
              5.839941946121387e-09,
              1.3004535626867125e-07,
              1.0160340337985087e-05,
              0.020376378870911382,
              0.6284406757205283,
              0.3511726480124537
            ],
            [
              2.3418966233224782e-17,
              2.7685650821188023e-15,
              7.11158955233276e-14,
              5.462703009267438e-13,
              9.372949111745147e-13,
              3.514884060011286e-12,
              1.3497092219846403e-11,
              1.937610574198826e-10,
              1.6632482556320567e-08,
              0.0002984215163825715,
              0.3511726480124537,
              0.648528913626431
            ]
          ],
          "adjacent_overlaps": [
            0.21825516985019644,
            0.22098216411602628,
            0.22446122311000058,
            0.23699931462334659,
            0.21449164960317327,
            0.2140138517037383,
            0.2271348334798667,
            0.203752058518815,
            0.1224001604224783,
            0.020376378870911382,
            0.3511726480124537
          ],
          "min_adjacent_overlap": 0.020376378870911382,
          "ess": [
            {
              "window": 0,
              "n_samples": 2000,
              "ess_mbar": 2614.62897256868,
              "g": 2.9047524633379855,
              "ess_autocorr": 688.5268281007695
            },
            {
              "window": 1,
              "n_samples": 2000,
              "ess_mbar": 3839.340198190259,
              "g": 2.583353935205087,
              "ess_autocorr": 774.1873743061941
            },
            {
              "window": 2,
              "n_samples": 2000,
