{
  "provenance": {
    "tags": [
      "nr4a3-abfe-8xtt-r3"
    ],
    "receptors": [
      "nr4a3"
    ],
    "target": "nr4a3",
    "solvent_tag": "nr4a3-abfe",
    "temperature_K": 300.0,
    "n_windows": 12,
    "engine": "research/modalities/nr4a3_abfe.py",
    "diagnostics": "research/modalities/nr4a3_abfe_diagnostics.py",
    "note": "Recomputed from the ABFE per-window reduced potentials (dedup-by-iteration, same MBAR as the \u00a74 reducer). Overlap/ESS via pymbar; \u0394\u0394G offset-invariant."
  },
  "manuscript_s4": {
    "dg_bind": {
      "nr4a3": [
        3.5,
        1.4
      ],
      "nr4a1": [
        8.3,
        1.1
      ],
      "nr4a2": [
        8.5,
        0.7
      ]
    },
    "ddg": {
      "nr4a1": [
        -4.76,
        2.03
      ],
      "nr4a2": [
        -4.98,
        0.68
      ]
    },
    "note": "raw-engine \u0394G_bind (kcal/mol); \u0394\u0394G = \u0394G_bind(NR4A3) \u2212 \u0394G_bind(paralogue); n=3 replicate SD."
  },
  "per_replicate_dg_bind": {
    "r3": {
      "nr4a3": 7.3229207313797655
    }
  },
  "summary": {
    "target": "nr4a3",
    "replicates": [
      "r3"
    ],
    "per_receptor": {
      "nr4a3": {
        "values": {
          "r3": 7.3229207313797655
        },
        "mean": 7.3229207313797655,
        "sd": null,
        "n": 1
      }
    },
    "ddg": {}
  },
  "manuscript_consistency": {
    "rows": [
      {
        "quantity": "dg_bind[nr4a3].mean",
        "recomputed": 7.3229207313797655,
        "expected": 3.5,
        "delta": 3.823,
        "tol": 0.6,
        "within_tol": false
      },
      {
        "quantity": "dg_bind[nr4a3].sd",
        "recomputed": null,
        "expected": 1.4,
        "delta": null,
        "tol": 0.5,
        "within_tol": false
      },
      {
        "quantity": "dg_bind[nr4a1].mean",
        "recomputed": null,
        "expected": 8.3,
        "delta": null,
        "tol": 0.6,
        "within_tol": false
      },
      {
        "quantity": "dg_bind[nr4a1].sd",
        "recomputed": null,
        "expected": 1.1,
        "delta": null,
        "tol": 0.5,
        "within_tol": false
      },
      {
        "quantity": "dg_bind[nr4a2].mean",
        "recomputed": null,
        "expected": 8.5,
        "delta": null,
        "tol": 0.6,
        "within_tol": false
      },
      {
        "quantity": "dg_bind[nr4a2].sd",
        "recomputed": null,
        "expected": 0.7,
        "delta": null,
        "tol": 0.5,
        "within_tol": false
      },
      {
        "quantity": "ddg[nr4a3-nr4a1].mean",
        "recomputed": null,
        "expected": -4.76,
        "delta": null,
        "tol": 0.6,
        "within_tol": false
      },
      {
        "quantity": "ddg[nr4a3-nr4a1].sd",
        "recomputed": null,
        "expected": 2.03,
        "delta": null,
        "tol": 0.5,
        "within_tol": false
      },
      {
        "quantity": "ddg[nr4a3-nr4a2].mean",
        "recomputed": null,
        "expected": -4.98,
        "delta": null,
        "tol": 0.6,
        "within_tol": false
      },
      {
        "quantity": "ddg[nr4a3-nr4a2].sd",
        "recomputed": null,
        "expected": 0.68,
        "delta": null,
        "tol": 0.5,
        "within_tol": false
      }
    ],
    "consistent": false
  },
  "replicates": {
    "nr4a3-abfe-8xtt-r3": {
      "tag": "nr4a3-abfe-8xtt-r3",
      "legs": {
        "solvent": {
          "dir": "/home/runner/work/_temp/abfe-diag/nr4a3-abfe/solvent/shared/solvent",
          "n_windows": 12,
          "n_samples_per_window": [
            2000,
            2000,
            2000,
            2000,
            2000,
            2000,
            2000,
            2000,
            2000,
            2000,
            2000,
            2000
          ],
          "overlap_matrix": [
            [
              0.7649268867525584,
              0.21825516985019644,
              0.016201887910624702,
              0.0005699085115534596,
              1.7868602376911758e-05,
              1.844639848946596e-05,
              8.521694179501518e-06,
              1.2452560580133785e-06,
              6.443186533792459e-08,
              5.920588995484129e-10,
              1.4171108814845623e-14,
              2.3418966233224782e-17
            ],
            [
              0.21825516985019644,
              0.5209228400605748,
              0.22098216411602628,
              0.03335130370317445,
              0.0031280089529610484,
              0.0024333887446355176,
              0.0008235492057016226,
              9.863755458167899e-05,
              4.889120253264297e-06,
              4.869053052052254e-08,
              1.3823919174854816e-12,
              2.7685650821188023e-15
            ],
            [
              0.016201887910624702,
              0.22098216411602628,
              0.4326383233369886,
              0.22446122311000058,
              0.05820962946495048,
              0.03658196996849257,
              0.00989617985722785,
              0.0009855777155151765,
              4.260608966549504e-05,
              4.3841060769617553e-07,
              1.9717637334549616e-11,
              7.11158955233276e-14
            ],
            [
              0.0005699085115534596,
              0.03335130370317445,
              0.22446122311000058,
              0.3442314454849532,
              0.23699931462334659,
              0.1279164829688033,
              0.029659446351707603,
              0.0026944300339522133,
              0.0001149666283926248,
              1.4784705105818988e-06,
              1.131523699514429e-10,
              5.462703009267438e-13
            ],
            [
              1.7868602376911758e-05,
              0.0031280089529610484,
              0.05820962946495048,
              0.23699931462334659,
              0.4381459143662829,
              0.21449164960317327,
              0.04500697726554034,
              0.0038391390937801083,
              0.00015937061327878495,
              2.127230722792853e-06,
              1.8224472889910686e-10,
              9.372949111745147e-13
            ],
            [
              1.844639848946596e-05,
              0.0024333887446355176,
              0.03658196996849257,
              0.1279164829688033,
              0.21449164960317327,
              0.36947116941367797,
              0.2140138517037383,
              0.03337859815204648,
              0.0016773171795274322,
              1.7125010736293683e-05,
              8.538877731692226e-10,
              3.514884060011286e-12
            ],
            [
              8.521694179501518e-06,
              0.0008235492057016226,
              0.00989617985722785,
              0.029659446351707603,
              0.04500697726554034,
              0.2140138517037383,
              0.45170825462818165,
              0.2271348334798667,
              0.021524033554792064,
              0.00022434640530260387,
              5.839941946121387e-09,
              1.3497092219846403e-11
            ],
            [
              1.2452560580133785e-06,
              9.863755458167899e-05,
              0.0009855777155151765,
              0.0026944300339522133,
              0.0038391390937801083,
              0.03337859815204648,
              0.2271348334798667,
              0.523324817651157,
              0.203752058518815,
              0.004790532305245214,
              1.3004535626867125e-07,
              1.937610574198826e-10
            ],
            [
              6.443186533792459e-08,
              4.889120253264297e-06,
              4.260608966549504e-05,
              0.0001149666283926248,
              0.00015937061327878495,
              0.0016773171795274322,
              0.021524033554792064,
              0.203752058518815,
              0.6503143564677494,
              0.1224001604224783,
              1.0160340337985087e-05,
              1.6632482556320567e-08
            ],
            [
              5.920588995484129e-10,
              4.869053052052254e-08,
              4.3841060769617553e-07,
              1.4784705105818988e-06,
              2.127230722792853e-06,
              1.7125010736293683e-05,
              0.00022434640530260387,
              0.004790532305245214,
              0.1224001604224783,
              0.8518889420747392,
              0.020376378870911382,
              0.0002984215163825715
            ],
            [
              1.4171108814845623e-14,
              1.3823919174854816e-12,
              1.9717637334549616e-11,
              1.131523699514429e-10,
              1.8224472889910686e-10,
              8.538877731692226e-10,
              5.839941946121387e-09,
              1.3004535626867125e-07,
              1.0160340337985087e-05,
              0.020376378870911382,
              0.6284406757205283,
              0.3511726480124537
            ],
            [
              2.3418966233224782e-17,
              2.7685650821188023e-15,
              7.11158955233276e-14,
              5.462703009267438e-13,
              9.372949111745147e-13,
              3.514884060011286e-12,
              1.3497092219846403e-11,
              1.937610574198826e-10,
              1.6632482556320567e-08,
              0.0002984215163825715,
              0.3511726480124537,
              0.648528913626431
            ]
          ],
          "adjacent_overlaps": [
            0.21825516985019644,
            0.22098216411602628,
            0.22446122311000058,
            0.23699931462334659,
            0.21449164960317327,
            0.2140138517037383,
            0.2271348334798667,
            0.203752058518815,
            0.1224001604224783,
            0.020376378870911382,
            0.3511726480124537
          ],
          "min_adjacent_overlap": 0.020376378870911382,
          "ess": [
            {
              "window": 0,
              "n_samples": 2000,
              "ess_mbar": 2614.62897256868,
              "g": 2.9047524633379855,
              "ess_autocorr": 688.5268281007695
            },
            {
              "window": 1,
              "n_samples": 2000,
              "ess_mbar": 3839.340198190259,
              "g": 2.583353935205087,
              "ess_autocorr": 774.1873743061941
            },
            {
              "window": 2,
              "n_samples": 2000,
              "ess_mbar": 4622.798980390301,
              "g": 2.7467438578522057,
              "ess_autocorr": 728.1348766039961
            },
            {
              "window": 3,
              "n_samples": 2000,
              "ess_mbar": 5810.044451872781,
              "g": 3.165093776945048,
              "ess_autocorr": 631.8928098018006
            },
            {
              "window": 4,
              "n_samples": 2000,
              "ess_mbar": 4564.689374983037,
              "g": 3.1986888737165606,
              "ess_autocorr": 625.2561843178569
            },
            {
              "window": 5,
              "n_samples": 2000,
              "ess_mbar": 5413.142257280435,
              "g": 3.106260819526206,
              "ess_autocorr": 643.8609364119841
            },
            {
              "window": 6,
              "n_samples": 2000,
              "ess_mbar": 4427.636598419652,
              "g": 3.1105313536270973,
              "ess_autocorr": 642.9769620125707
            },
            {
              "window": 7,
              "n_samples": 2000,
              "ess_mbar": 3821.7182379704736,
              "g": 2.782801796637732,
              "ess_autocorr": 718.7001253256565
            },
            {
              "window": 8,
              "n_samples": 2000,
              "ess_mbar": 3075.435718293549,
              "g": 3.3761316830249077,
              "ess_autocorr": 592.3939549087917
            },
            {
              "window": 9,
              "n_samples": 2000,
              "ess_mbar": 2347.7238654243897,
              "g": 3.1017851140783215,
              "ess_autocorr": 644.7899923571234
            },
            {
              "window": 10,
              "n_samples": 2000,
              "ess_mbar": 3182.480188296108,
              "g": 2.725017581537706,
              "ess_autocorr": 733.9402187898604
            },
            {
              "window": 11,
              "n_samples": 2000,
              "ess_mbar": 3083.9025955164293,
              "g": 3.4824759033347963,
              "ess_autocorr": 574.3040456029611
            }
          ],
          "convergence": {
            "forward": [
              {
                "fraction": 0.1,
                "n": 200,
                "dg": 24.431775426984263,
                "se": 0.3219960034409244
              },
              {
                "fraction": 0.2,
                "n": 400,
                "dg": 23.936144842987176,
                "se": 0.24134228468115235
              },
              {
                "fraction": 0.3,
                "n": 600,
                "dg": 23.730608145396175,
                "se": 0.2030657537982445
              },
              {
                "fraction": 0.4,
                "n": 800,
                "dg": 23.669732771898165,
                "se": 0.17920002988732292
              },
              {
                "fraction": 0.5,
                "n": 1000,
                "dg": 23.767801778940335,
                "se": 0.15896056373945852
              },
              {
                "fraction": 0.6,
                "n": 1200,
                "dg": 23.69301364594841,
                "se": 0.14733954692064932
              },
              {
                "fraction": 0.7,
                "n": 1400,
                "dg": 23.578033044284517,
                "se": 0.13785877506103278
              },
              {
                "fraction": 0.8,
                "n": 1600,
                "dg": 23.382985795206654,
                "se": 0.12994293781937788
              },
              {
                "fraction": 0.9,
                "n": 1800,
                "dg": 23.239334367119767,
                "se": 0.12297379283251864
              },
              {
                "fraction": 1.0,
                "n": 2000,
                "dg": 23.13314202175347,
                "se": 0.11645800676886682
              }
            ],
            "reverse": [
              {
                "fraction": 0.1,
                "n": 200,
                "dg": 22.201683674627404,
                "se": 0.3743307366225219
              },
              {
                "fraction": 0.2,
                "n": 400,
                "dg": 22.166934311851136,
                "se": 0.26490913736931043
              },
              {
                "fraction": 0.3,
                "n": 600,
                "dg": 22.193450243768545,
                "se": 0.2103467857580956
              },
              {
                "fraction": 0.4,
                "n": 800,
                "dg": 22.304394255045793,
                "se": 0.18735998402561663
              },
              {
                "fraction": 0.5,
                "n": 1000,
                "dg": 22.464040030154106,
                "se": 0.1693710164408129
              },
              {
                "fraction": 0.6,
                "n": 1200,
                "dg": 22.76990180426558,
                "se": 0.15202703401299383
              },
              {
                "fraction": 0.7,
                "n": 1400,
                "dg": 22.857962665709174,
                "se": 0.14149257401746487
              },
              {
                "fraction": 0.8,
                "n": 1600,
                "dg": 22.906420144741336,
                "se": 0.13246863583259447
              },
              {
                "fraction": 0.9,
                "n": 1800,
                "dg": 22.944931220821662,
                "se": 0.12513551267070733
              },
              {
                "fraction": 1.0,
                "n": 2000,
                "dg": 23.13314202175347,
                "se": 0.11645800676886682
              }
            ],
            "n_min": 2000,
            "n_windows": 12
          }
        },
        "complex-nr4a3": {
          "dir": "/home/runner/work/_temp/abfe-diag/nr4a3-abfe-8xtt-r3/complex-nr4a3/nr4a3/complex",
          "n_windows": 12,
          "n_samples_per_window": [
            2000,
            2000,
            2000,
            2000,
            2000,
            2000,
            2000,
            2000,
            2000,
            2000,
            2000,
            2000
          ],
          "overlap_matrix": [
            [
              0.7593452465731952,
              0.21717216091721128,
              0.021698255284101027,
              0.0015490140070554888,
              0.00012135361012636691,
              9.847821651831744e-05,
              1.5255786457768735e-05,
              2.3505186203512038e-07,
              5.536466041052884e-10,
              3.972940321110391e-14,
              4.14488107342066e-20,
              3.6604743081192465e-23
            ],
            [
              0.21717216091721128,
              0.4842895165593282,
              0.23034929001242868,
              0.05298073348486158,
              0.009388284847925261,
              0.005312032178798954,
              0.000501633210286949,
              6.333661839555334e-06,
              1.512022700778127e-08,
              1.321486341908227e-12,
              2.358713049222956e-18,
              3.5195026312883205e-21
            ],
            [
              0.021698255284101027,
              0.23034929001242868,
              0.3829820857915367,
              0.23522587591000657,
              0.08951778838035716,
              0.03773539607536485,
              0.0024680316444686415,
              2.3221973945692314e-05,
              5.492252897632325e-08,
              7.085470977574487e-12,
              2.242206979647334e-17,
              4.2382386451768507e-20
            ],
            [
              0.0015490140070554888,
              0.05298073348486158,
              0.23522587591000657,
              0.3387806881384899,
              0.27545942383781435,
              0.09107343685328413,
              0.004891745925268735,
              3.89962698934532e-05,
              8.557982721329831e-08,
              1.2196615677989795e-11,
              4.4259778626908055e-17,
              8.856405710383682e-20
            ],
            [
              0.00012135361012636691,
              0.009388284847925261,
              0.08951778838035716,
              0.27545942383781435,
              0.4803035553496004,
              0.13851807097702049,
              0.006644052228213,
              4.7381488496818245e-05,
              8.926448724634663e-08,
              1.089374402956205e-11,
              3.613764061081922e-17,
              7.006727706522391e-20
            ],
            [
              9.847821651831744e-05,
              0.005312032178798954,
              0.03773539607536485,
              0.09107343685328413,
              0.13851807097702049,
              0.5463595207990983,
              0.1771029457057888,
              0.003789430036121625,
              1.0688139419876468e-05,
              1.002679415529461e-09,
              1.5980320965618512e-15,
              1.685919156481858e-18
            ],
            [
              1.5255786457768735e-05,
              0.000501633210286949,
              0.0024680316444686415,
              0.004891745925268735,
              0.006644052228213,
              0.1771029457057888,
              0.665800603715307,
              0.1414375113280889,
              0.0011381117271973265,
              1.0873673546767885e-07,
              1.197232597148365e-13,
              1.0278602433644359e-16
            ],
            [
              2.3505186203512038e-07,
              6.333661839555334e-06,
              2.3221973945692314e-05,
              3.89962698934532e-05,
              4.7381488496818245e-05,
              0.003789430036121625,
              0.1414375113280889,
              0.7512085356089229,
              0.10340599002633186,
              4.23645013051266e-05,
              5.0317757359797315e-11,
              2.6999507113186724e-14
            ],
            [
              5.536466041052884e-10,
              1.512022700778127e-08,
              5.492252897632325e-08,
              8.557982721329831e-08,
              8.926448724634663e-08,
              1.0688139419876468e-05,
              0.0011381117271973265,
              0.10340599002633186,
              0.8551352789592068,
              0.040309269391697336,
              4.1596234388452273e-07,
              3.544717010483029e-10
            ],
            [
              3.972940321110391e-14,
              1.321486341908227e-12,
              7.085470977574487e-12,
              1.2196615677989795e-11,
              1.089374402956205e-11,
              1.002679415529461e-09,
              1.0873673546767885e-07,
              4.23645013051266e-05,
              0.040309269391697336,
              0.9364572713279995,
              0.02300687479943945,
              0.0001841102109663352
            ],
            [
              4.14488107342066e-20,
              2.358713049222956e-18,
              2.242206979647334e-17,
              4.4259778626908055e-17,
              3.613764061081922e-17,
              1.5980320965618512e-15,
              1.197232597148365e-13,
              5.0317757359797315e-11,
              4.1596234388452273e-07,
              0.02300687479943945,
              0.7275816363860916,
              0.24941107280223707
            ],
            [
              3.6604743081192465e-23,
              3.5195026312883205e-21,
              4.2382386451768507e-20,
              8.856405710383682e-20,
              7.006727706522391e-20,
              1.685919156481858e-18,
              1.0278602433644359e-16,
              2.6999507113186724e-14,
              3.544717010483029e-10,
              0.0001841102109663352,
              0.24941107280223707,
              0.7504048166304601
            ]
          ],
          "adjacent_overlaps": [
            0.21717216091721128,
            0.23034929001242868,
            0.23522587591000657,
            0.27545942383781435,
            0.13851807097702049,
            0.1771029457057888,
            0.1414375113280889,
            0.10340599002633186,
            0.040309269391697336,
            0.02300687479943945,
            0.24941107280223707
          ],
          "min_adjacent_overlap": 0.02300687479943945,
          "ess": [
            {
              "window": 0,
              "n_samples": 2000,
              "ess_mbar": 2633.848053998735,
              "g": 3.39958112144364,
              "ess_autocorr": 588.3077733855326
            },
            {
              "window": 1,
              "n_samples": 2000,
              "ess_mbar": 4129.761086321157,
              "g": 3.2328066578256918,
              "ess_autocorr": 618.6574737337221
            },
            {
              "window": 2,
              "n_samples": 2000,
              "ess_mbar": 5222.1763737759575,
              "g": 3.1493829894714254,
              "ess_autocorr": 635.0450252275189
            },
            {
              "window": 3,
              "n_samples": 2000,
              "ess_mbar": 5903.52422680723,
              "g": 3.1391256327305808,
              "ess_autocorr": 637.1200882012142
            },
            {
              "window": 4,
              "n_samples": 2000,
              "ess_mbar": 4164.033302947867,
              "g": 3.334257452995315,
              "ess_autocorr": 599.833704563908
            },
            {
              "window": 5,
              "n_samples": 2000,
              "ess_mbar": 3660.593297751682,
              "g": 3.116627074287596,
              "ess_autocorr": 641.7193819883514
            },
            {
              "window": 6,
              "n_samples": 2000,
              "ess_mbar": 3003.9023528059006,
              "g": 2.998204977691061,
              "ess_autocorr": 667.0657993304428
            },
            {
              "window": 7,
              "n_samples": 2000,
              "ess_mbar": 2662.37656415714,
              "g": 3.0482692513850553,
              "ess_autocorr": 656.1100201667721
            },
            {
              "window": 8,
              "n_samples": 2000,
              "ess_mbar": 2338.8112374853936,
              "g": 3.028721755005779,
              "ess_autocorr": 660.3445815695883
            },
            {
              "window": 9,
              "n_samples": 2000,
              "ess_mbar": 2135.7087624123837,
              "g": 2.853570356163611,
              "ess_autocorr": 700.8763585169963
            },
            {
              "window": 10,
              "n_samples": 2000,
              "ess_mbar": 2748.8324333390665,
              "g": 3.0679291586527815,
              "ess_autocorr": 651.9055351585299
            },
            {
              "window": 11,
              "n_samples": 2000,
              "ess_mbar": 2665.228095124166,
              "g": 3.001947881189593,
              "ess_autocorr": 666.23408505262
            }
          ],
          "convergence": {
            "forward": [
              {
                "fraction": 0.1,
                "n": 200,
                "dg": 26.595143950838445,
                "se": 0.3711965715025303
              },
              {
                "fraction": 0.2,
                "n": 400,
                "dg": 25.90310861872105,
                "se": 0.27480464943971883
              },
              {
                "fraction": 0.3,
                "n": 600,
                "dg": 25.16665050059138,
                "se": 0.23230668142607167
              },
              {
                "fraction": 0.4,
                "n": 800,
                "dg": 25.05708325468732,
                "se": 0.20206827978444197
              },
              {
                "fraction": 0.5,
                "n": 1000,
                "dg": 24.976807588959154,
                "se": 0.18034140108143146
              },
              {
                "fraction": 0.6,
                "n": 1200,
                "dg": 24.876620855989884,
                "se": 0.16684478231185088
              },
              {
                "fraction": 0.7,
                "n": 1400,
                "dg": 24.554243372387955,
                "se": 0.15584490864246442
              },
              {
                "fraction": 0.8,
                "n": 1600,
                "dg": 24.35729396175576,
                "se": 0.14734578804785342
              },
              {
                "fraction": 0.9,
                "n": 1800,
                "dg": 24.159946055637057,
                "se": 0.1406318581172178
              },
              {
                "fraction": 1.0,
                "n": 2000,
                "dg": 24.070638916441776,
                "se": 0.1344134052922268
              }
            ],
            "reverse": [
              {
                "fraction": 0.1,
                "n": 200,
                "dg": 23.08175297201838,
                "se": 0.48886618882369676
              },
              {
                "fraction": 0.2,
                "n": 400,
                "dg": 22.630323324885318,
                "se": 0.3510215356044263
              },
              {
                "fraction": 0.3,
                "n": 600,
                "dg": 22.7048494460891,
                "se": 0.2731897732695666
              },
              {
                "fraction": 0.4,
                "n": 800,
                "dg": 22.532602783403327,
                "se": 0.23386931303031405
              },
              {
                "fraction": 0.5,
                "n": 1000,
                "dg": 22.79568983283691,
                "se": 0.20999258641481636
              },
              {
                "fraction": 0.6,
                "n": 1200,
                "dg": 23.074005128358415,
                "se": 0.18519257370206146
              },
              {
                "fraction": 0.7,
                "n": 1400,
                "dg": 23.390272283148683,
                "se": 0.1674418264886152
              },
              {
                "fraction": 0.8,
                "n": 1600,
                "dg": 23.437276129487454,
                "se": 0.15567511170541135
              },
              {
                "fraction": 0.9,
                "n": 1800,
                "dg": 23.65492062903937,
                "se": 0.14574469025717499
              },
              {
                "fraction": 1.0,
                "n": 2000,
                "dg": 24.070638916441776,
                "se": 0.1344134052922268
              }
            ],
            "n_min": 2000,
            "n_windows": 12
          }
        }
      },
      "receptors": {
        "nr4a3": {
          "dg_bind": 7.3229207313797655,
          "se": 0.17784664984989135,
          "complex_dg": 24.070638916441776,
          "complex_se": 0.1344134052922268,
          "solvent_dg": 23.13314202175347,
          "solvent_se": 0.11645800676886682,
          "restraint_standard_state_dg": -8.26041762606807,
          "bind_convergence": {
            "forward": [
              {
                "fraction": 0.1,
                "dg": 6.097049102213889,
                "se": 0.49139426220415
              },
              {
                "fraction": 0.2,
                "dg": 6.293453850334197,
                "se": 0.3657371921596232
              },
              {
                "fraction": 0.3,
                "dg": 6.824375270872865,
                "se": 0.3085483667123254
              },
              {
                "fraction": 0.4,
                "dg": 6.873067143278915,
                "se": 0.2700819142531779
              },
              {
                "fraction": 0.5,
                "dg": 7.051411816049251,
                "se": 0.2403985893643725
              },
              {
                "fraction": 0.6,
                "dg": 7.076810416026598,
                "se": 0.22258958527179823
              },
              {
                "fraction": 0.7,
                "dg": 7.284207297964633,
                "se": 0.2080689246646565
              },
              {
                "fraction": 0.8,
                "dg": 7.286109459518963,
                "se": 0.19645851558172187
              },
              {
                "fraction": 0.9,
                "dg": 7.33980593755078,
                "se": 0.18681507766001246
              },
              {
                "fraction": 1.0,
                "dg": 7.3229207313797655,
                "se": 0.17784664984989135
              }
            ],
            "reverse": [
              {
                "fraction": 0.1,
                "dg": 7.380348328677096,
                "se": 0.6157220565769641
              },
              {
                "fraction": 0.2,
                "dg": 7.7970286130338895,
                "se": 0.43976467516143414
              },
              {
                "fraction": 0.3,
                "dg": 7.749018423747517,
                "se": 0.34478750339569936
              },
              {
                "fraction": 0.4,
                "dg": 8.032209097710536,
                "se": 0.2996641773575052
              },
              {
                "fraction": 0.5,
                "dg": 7.928767823385266,
                "se": 0.26978403874094964
              },
              {
                "fraction": 0.6,
                "dg": 7.956314301975235,
                "se": 0.23960072709652083
              },
              {
                "fraction": 0.7,
                "dg": 7.728108008628562,
                "se": 0.21921887181520502
              },
              {
                "fraction": 0.8,
                "dg": 7.729561641321952,
                "se": 0.20440812088525456
              },
              {
                "fraction": 0.9,
                "dg": 7.550428217850362,
                "se": 0.19209479761180578
              },
              {
                "fraction": 1.0,
                "dg": 7.3229207313797655,
                "se": 0.17784664984989135
              }
            ]
          }
        }
      }
    }
  }
}