clean read_ok True
truth median 168.0
=== arm exact
rows\ext                       0.25                         0.5                        0.75                       0.933                         1.0
  2 (6, -25, -84.0, 0.0107, 0)  (3, -17, -72.0, 0.0136, 0)  (2, -12, -58.0, 0.0217, 0)  (3, -10, -40.0, 0.0203, 0)   (3, -8, -18.0, 0.0121, 0)
  3 (6, -25, -84.0, 0.0091, 0)  (2, -16, -72.0, 0.0129, 0)  (0, -10, -58.0, 0.0221, 0)   (0, -7, -40.0, 0.0094, 0)   (1, -6, -40.0, 0.0196, 0)
  5 (6, -25, -84.0, 0.0101, 0)  (2, -16, -72.0, 0.0155, 0)  (0, -10, -58.0, 0.0208, 0)   (0, -7, -40.0, 0.0069, 0)   (0, -5, -40.0, 0.0097, 0)
  8 (6, -25, -84.0, 0.0099, 0)  (2, -16, -72.0, 0.0163, 0)  (0, -10, -58.0, 0.0222, 0)   (0, -7, -40.0, 0.0009, 0)   (0, -5, -18.0, 0.0018, 0)
 13 (6, -25, -84.0, 0.0101, 0)  (2, -16, -72.0, 0.0149, 0)   (0, -10, -58.0, 0.022, 0)   (0, -7, -40.0, 0.0013, 0)   (0, -6, -40.0, 0.0014, 0)
 19 (6, -30, -84.0, 0.0101, 0)  (2, -19, -84.0, 0.0149, 0)  (0, -13, -72.0, 0.0217, 0)  (0, -11, -58.0, 0.0025, 0)   (0, -7, -40.0, 0.0003, 0)
=== arm clean
rows\ext                       0.25                         0.5                        0.75                       0.933                         1.0
  2 (6, -25, -84.188, 0.0105, 0)  (3, -17, -72.094, 0.0127, 0)  (2, -12, -58.031, 0.0142, 0)  (4, -12, -40.031, 0.0194, 0)  (14, -41, -98.25, 0.0076, 0)
  3 (6, -25, -84.188, 0.0084, 0)  (2, -16, -72.094, 0.0111, 0)  (0, -10, -58.031, 0.0189, 0)  (2, -10, -40.031, 0.0248, 0)  (3, -17, -72.094, 0.0127, 0)
  5 (6, -25, -84.188, 0.0109, 0)  (2, -16, -72.094, 0.0163, 0)  (0, -10, -58.031, 0.0202, 0)  (0, -8, -40.031, 0.0086, 0)  (0, -10, -58.031, 0.0233, 0)
  8 (6, -34, -84.188, 0.0112, 0)  (2, -20, -84.188, 0.0144, 0)  (1, -15, -72.094, 0.0211, 0)  (0, -15, -72.094, 0.0183, 0)  (0, -11, -58.031, 0.0191, 0)
 13 (6, -41, -98.25, 0.0117, 0)  (2, -32, -107.25, 0.0122, 0)  (1, -25, -98.25, 0.0212, 0)  (1, -20, -84.188, 0.0254, 0)  (0, -22, -98.25, 0.0132, 0)
 19 (6, -41, -98.25, 0.0111, 0)  (2, -40, -107.25, 0.0135, 0)  (1, -32, -107.25, 0.0221, 0)  (0, -29, -107.25, 0.0152, 0)  (0, -23, -98.25, 0.0187, 0)
